6
922
389
1150
649
552
848
1046
17
10
895
975
1167
963
697
1039
901
1234
682
255
208
951
48
318
1161
607
1172
730
705
139
197
700
993
411
159
924
357
737
13
981
1191
949
439
515
59
532
402
683
907
733
269
378
950
620
336
526
1125
1179
550
908
134
1218
555
63
629
719
563
225
1225
480
713
327
1061
105
216
639
286
481
1028
820
414
596
761
375
900
1029
283
172
1206
885
702
1032
397
684
886
1141
437
94
1118
1070
590
103
44
356
337
398
339
676
276
118
757
1062
88
641
1232
221
925
831
665
1019
40
489
95
387
554
31
798
575
50
964
782
240
452
837
441
19
8
789
224
826
347
58
171
305
772
766
107
870
399
994
780
1008
659
558
145
879
324
1177
1007
905
449
1202
556
573
39
557
1083
1117
909
732
1215
1027
599
528
835
991
300
748
860
952
765
824
800
815
902
438
513
372
476
630
1205
568
196
786
85
898
1044
412
696
801
1100
774
1033
1073
635
219
890
182
543
92
633
146
380
945
1189
861
35
758
348
345
394
674
167
385
884
795
488
110
857
1124
760
241
309
257
470
206
151
73
750
640
745
1011
416
571
505
418
580
944
1155
1229
1072
692
716
976
829
773
471
186
746
1146
61
589
462
1052
296
190
209
731
822
533
763
1115
1127
72
469
93
583
1092
80
268
687
1077
445
1135
51
279
1154
980
188
791
971
946
516
717
87
486
74
853
588
133
1023
626
1158
681
1160
1082
53
1087
431
560
34
1102
1123
189
154
931
866
291
881
660
136
463
958
25
982
303
359
1149
1045
1094
143
213
755
130
363
340
603
873
562
491
878
547
158
927
365
168
1134
1069
131
223
586
177
1178
123
1040
166
1159
1031
1054
1137
278
768
100
417
736
624
880
358
62
174
652
311
464
567
32
989
164
1091
839
536
593
428
75
342
11
812
1113
38
1080
1171
695
854
353
304
715
666
503
152
204
1233
1009
720
509
1071
625
868
621
210
335
921
84
813
523
194
396
371
451
851
825
1043
919
743
332
979
77
381
338
1174
828
1145
960
999
877
1053
258
150
636
163
192
518
4
1210
519
277
808
1114
0
1201
193
1162
454
1058
711
457
597
15
1064
322
996
426
565
867
956
962
1030
1195
202
405
261
246
699
948
1089
915
1129
842
368
655
149
830
229
142
872
328
709
52
1148
614
874
442
498
373
201
615
329
226
897
1187
1185
911
834
49
234
443
22
865
947
823
663
377
1093
756
644
102
605
325
477
108
203
754
3
1188
524
126
355
232
783
173
435
577
220
1182
294
448
421
297
512
1015
401
1055
1186
180
972
27
747
1005
298
1212
270
616
266
111
802
1217
1006
1130
1209
162
984
968
618
534
1157
198
662
778
1099
450
622
638
889
1111
419
434
1034
703
214
792
379
517
1228
544
862
479
79
1088
764
1139
803
1068
1198
735
940
1211
1020
934
319
1197
16
1085
1075
184
361
1131
67
346
453
553
1048
288
41
1226
43
595
601
610
253
559
1078
1143
1194
404
482
55
422
507
395
794
1151
362
199
169
1042
1096
205
323
645
484
1056
430
704
285
1136
670
628
287
892
249
759
248
913
349
954
514
119
207
231
844
967
657
1049
1104
521
499
89
906
992
969
650
594
899
869
29
1190
308
1022
691
669
1240
1018
122
916
212
1067
937
376
501
741
617
677
671
467
391
896
97
506
200
606
313
317
1227
538
520
247
407
91
114
753
1199
433
859
648
393
1163
1175
1237
718
985
942
1173
1021
403
9
148
1024
1224
1223
301
723
576
408
369
364
738
769
215
1120
781
978
888
850
570
608
24
195
1047
490
797
893
1003
965
474
1103
267
429
767
910
236
263
153
409
33
330
966
1193
12
1165
619
734
1002
352
1060
70
914
582
83
487
492
721
36
788
903
799
314
876
1180
646
21
28
1119
579
540
86
124
1169
459
472
675
1110
1004
179
78
591
998
611
1012
388
604
637
1051
493
461
384
410
495
740
912
496
551
564
1013
537
1025
76
156
494
917
836
456
1017
796
141
1098
96
113
1231
654
400
529
112
1038
832
140
1041
475
181
281
135
1168
585
728
689
312
185
244
1132
807
1057
295
930
1184
1059
65
187
770
144
694
929
634
612
230
1235
809
250
218
1221
306
1203
121
425
1200
955
331
415
749
275
875
413
806
23
661
784
292
175
855
790
623
116
251
1140
81
545
466
1147
99
82
631
406
239
68
811
1016
26
849
647
805
293
882
843
840
819
432
816
478
974
18
243
1138
60
632
726
228
343
1121
1116
742
1156
1035
272
334
943
858
548
987
265
390
382
282
56
744
511
1220
752
561
262
45
725
643
366
578
933
115
852
727
129
1026
502
242
785
1196
1001
1128
233
485
1037
1207
928
66
1181
1152
273
392
374
600
651
321
693
856
883
959
351
47
1208
668
587
953
354
178
1101
658
932
708
455
160
176
988
1176
777
787
423
106
1000
447
5
1164
804
307
818
436
252
101
817
572
367
673
1112
1086
923
42
871
155
1014
316
613
161
1230
1236
211
522
891
238
284
2
680
290
838
1090
983
46
1166
504
20
1
98
977
686
165
440
264
468
1153
793
1010
863
688
1213
54
569
541
1204
776
995
1108
706
1081
260
1105
227
602
598
473
581
904
191
939
1239
315
458
125
147
1219
685
973
302
500
170
69
714
690
446
1050
1109
841
299
847
531
970
712
609
483
326
672
739
729
920
1238
341
30
1216
360
132
1084
678
109
779
344
887
1107
535
990
525
751
724
941
549
527
117
444
710
1133
120
530
370
1170
566
137
274
280
938
845
961
679
420
256
986
350
894
310
664
497
333
1076
771
386
1142
138
57
667
235
935
460
183
592
574
814
510
1097
320
271
289
936
1066
90
926
584
1036
64
846
7
71
508
827
1063
222
1222
810
542
237
762
1065
127
653
424
546
656
957
833
14
254
539
1192
1074
1144
1122
698
217
775
707
383
157
918
821
427
642
128
104
627
1126
722
1214
1106
465
864
701
37
245
259
997
1095
1079
1183
