93
49
1005
1
333
486
0
975
365
982
690
881
908
69
699
1227
444
1212
312
1035
483
82
393
407
1064
558
1171
306
147
244
695
1016
810
871
331
803
84
194
933
891
1015
593
398
115
561
819
994
1034
661
813
902
102
1077
1076
1208
749
85
526
1188
1225
269
729
1133
655
473
293
341
164
909
605
6
12
469
974
518
450
15
177
292
470
730
712
468
840
796
172
562
853
412
159
507
926
1066
856
644
1088
1136
28
953
253
229
139
959
337
681
465
1202
799
939
297
854
1153
563
240
1052
611
356
839
209
326
290
1158
435
956
508
677
40
1216
751
132
985
424
728
349
585
260
80
687
715
170
848
144
645
75
300
145
595
714
720
61
148
546
24
787
630
14
346
1018
954
433
979
315
701
1198
739
311
371
1074
742
418
945
548
178
129
888
464
1111
234
1140
1085
1086
726
626
844
689
195
1070
447
47
1170
53
342
648
692
758
416
614
438
1131
1226
636
176
1043
764
284
319
485
523
332
893
1069
578
601
747
58
684
831
566
250
285
778
55
900
305
429
1239
219
1073
587
706
821
140
318
917
589
1099
334
96
906
1125
1220
740
872
245
818
894
1240
1038
160
163
226
453
202
203
1149
984
1179
776
757
63
962
718
1009
890
225
1068
1180
345
559
150
119
420
713
753
792
774
841
1006
50
357
221
1002
91
329
390
27
1144
903
541
77
851
258
1189
488
151
1165
788
472
17
95
800
752
1187
709
567
1033
801
536
218
296
862
924
550
797
1044
662
704
83
1084
87
1128
481
228
932
588
1072
463
474
964
822
32
971
1107
268
323
187
131
210
200
475
524
986
600
869
181
68
339
860
1224
232
490
543
671
637
616
1222
267
215
1166
665
921
785
493
104
112
451
609
708
1130
1214
121
86
1229
961
668
1053
143
351
1059
850
557
35
1221
734
1013
120
417
859
392
294
592
1132
137
732
504
703
743
448
1199
443
38
99
978
171
667
868
60
627
676
437
651
492
564
185
672
635
754
161
19
947
280
931
88
783
247
622
395
682
639
969
549
1000
1210
380
650
1218
878
279
1162
1178
501
458
623
66
710
1008
288
71
942
7
857
1148
146
213
289
110
340
575
295
1097
372
1007
313
1203
540
744
576
1113
773
1124
735
1047
522
863
153
54
944
1101
30
211
1186
1119
167
807
182
1012
1112
1081
25
252
496
44
236
46
875
990
967
369
497
366
379
721
375
846
660
632
394
246
582
826
832
239
1174
1056
308
922
1183
991
175
223
1135
1058
1030
149
1071
555
1237
105
382
580
1100
943
1026
516
1134
1172
598
90
766
1115
1215
251
321
976
1120
707
1023
809
910
22
873
56
930
243
612
913
652
551
1094
790
748
977
571
603
26
1091
874
1003
1169
254
811
509
101
125
1090
98
722
596
793
633
1055
594
1040
367
542
554
517
806
111
133
400
107
858
918
409
266
694
360
620
142
431
640
136
938
454
590
277
812
852
500
1145
301
494
10
972
842
629
1195
108
316
344
911
462
442
57
118
89
693
1096
374
42
1207
432
1175
608
477
1192
599
197
1001
1211
1021
1177
880
781
696
173
782
530
1138
1004
457
459
238
1027
760
737
388
179
1045
207
606
41
491
845
128
528
325
849
777
928
628
439
808
1231
64
402
916
138
533
981
746
905
259
702
1161
270
855
711
299
1141
1106
154
1155
281
745
1042
205
674
67
1116
539
478
987
741
957
604
1143
952
45
100
298
686
815
798
196
613
320
579
642
1185
763
584
201
1159
166
804
430
597
81
515
538
955
403
156
512
359
802
1139
11
1181
5
719
358
670
155
168
552
772
378
381
338
537
951
231
235
634
767
698
1129
1230
980
1048
441
352
675
795
476
191
190
455
1104
230
1046
834
794
656
1110
406
827
929
141
48
784
248
1078
452
1163
833
1036
482
396
1025
723
534
1063
273
935
688
1121
165
866
387
1039
556
1168
658
847
350
997
1105
317
643
574
1217
322
995
368
1020
199
249
449
1075
1057
59
498
664
264
1146
456
1098
1126
18
314
1031
157
573
401
513
257
34
72
899
1061
619
716
237
679
864
1191
92
302
882
411
436
52
617
691
705
466
816
756
1223
936
310
428
421
879
615
510
769
1019
527
570
577
217
174
36
37
3
736
1204
925
370
897
621
13
1182
1065
727
1127
610
1236
222
572
915
414
502
907
920
568
309
224
638
532
31
336
889
74
39
877
989
641
738
70
189
29
113
204
887
653
347
946
505
663
1054
484
377
521
106
525
659
328
779
678
765
1029
1160
1014
983
1123
186
820
399
262
896
733
126
941
287
768
998
362
843
425
514
130
272
724
304
220
265
169
109
364
1157
461
404
261
467
535
1167
586
2
646
503
762
547
1156
1051
114
1137
192
1201
904
817
471
1041
1060
103
771
76
884
1184
1114
569
489
624
1176
1022
1028
263
901
188
1142
923
1089
940
480
422
1050
434
206
427
835
511
1164
405
1154
759
1118
963
519
408
591
583
361
291
837
384
1024
51
919
838
631
1205
214
255
649
1200
791
274
1037
460
1092
8
992
275
241
1233
271
885
553
886
124
20
1067
135
419
717
993
423
999
876
410
373
73
825
1032
415
1062
256
79
1117
355
565
397
789
731
673
1049
391
581
700
1147
282
898
1011
123
883
353
680
208
892
1238
307
1103
23
1173
1228
227
440
1197
446
657
669
912
1010
786
750
1109
618
1082
1102
770
278
122
97
426
529
520
861
1234
324
78
62
386
970
988
973
761
1194
117
479
830
965
413
286
949
33
836
276
544
823
348
1235
683
152
895
828
193
4
1206
968
950
9
495
934
647
607
805
1087
1017
775
43
487
927
545
335
1209
666
1122
958
1152
21
824
330
376
327
914
829
1095
814
499
1219
685
625
867
180
1079
354
531
755
780
212
184
445
389
127
343
383
216
1213
560
1196
725
506
937
233
870
363
654
697
1080
948
65
1151
116
602
303
996
960
1108
16
134
283
94
158
198
162
1150
966
1093
183
385
1232
1083
1193
865
242
1190
