942
631
1161
48
373
202
431
309
71
948
308
970
273
957
390
790
861
407
827
1062
379
111
1071
610
305
585
497
1004
105
243
1214
148
591
185
330
279
1197
851
241
813
247
250
314
6
141
226
883
995
623
1003
924
1051
222
692
900
762
745
667
1065
1061
264
855
371
1
849
517
697
750
1001
1091
176
601
278
912
192
833
49
70
452
1143
655
928
699
749
645
1177
586
383
686
506
1040
274
312
915
789
395
721
826
734
800
460
972
1115
598
832
713
940
901
1010
1064
486
910
521
508
873
447
554
1176
829
1072
1121
298
28
310
233
169
584
1015
1122
62
225
512
542
388
22
263
189
366
491
589
564
635
47
909
296
515
581
965
304
219
411
132
98
637
68
718
1090
1199
107
925
410
836
376
0
404
1206
712
708
837
253
954
200
1232
150
151
563
181
913
24
1147
932
895
1077
668
88
437
961
675
331
929
1238
1136
1219
602
1185
927
260
1203
1182
262
614
340
1164
1183
78
964
981
313
583
420
170
1126
576
717
325
1018
1204
588
5
203
130
85
74
528
553
470
23
1028
394
55
422
1191
432
7
786
904
191
765
1194
937
21
864
532
682
510
997
1066
237
1050
33
1139
540
488
328
206
1083
61
966
1042
921
201
720
770
146
531
587
791
174
704
731
123
960
1009
795
787
676
1152
1058
235
733
1146
681
807
1157
775
653
433
716
1131
1113
848
575
555
782
604
475
805
280
1101
344
504
615
926
875
1225
321
1124
685
979
1174
311
435
559
627
270
984
751
722
1111
619
269
199
1151
859
617
1035
303
573
857
724
624
626
292
80
845
1234
369
1038
120
719
549
1036
1016
440
362
160
977
484
1029
990
892
1196
881
711
1046
1135
732
820
351
320
1030
934
337
1168
457
216
551
104
171
870
756
688
556
147
355
1120
524
168
9
760
499
1074
754
828
101
534
444
975
380
641
1082
1086
217
1092
945
523
97
867
249
1178
19
450
220
177
1075
1200
159
1021
256
767
338
612
1044
127
736
392
84
307
182
401
463
29
854
40
509
438
764
57
726
1008
282
248
738
991
596
482
286
122
1187
44
1055
275
505
25
93
427
439
539
1039
994
1239
114
95
1098
1150
547
1201
903
31
399
166
64
683
205
214
299
529
1154
1084
1070
1047
649
652
689
691
419
1173
1190
815
443
1163
1052
99
333
622
246
1198
183
94
1078
429
1165
1032
1048
188
671
1034
198
1059
1172
1094
582
38
647
1025
187
1108
558
178
1118
739
287
988
1153
13
1175
707
771
742
846
705
516
863
570
442
580
306
1019
885
608
449
530
406
121
1125
557
1054
300
100
842
326
818
812
976
1208
1213
52
962
874
266
367
354
1105
777
858
809
835
272
673
887
173
536
363
434
412
473
1237
866
360
76
710
544
744
889
385
53
701
1116
1123
1205
51
822
694
850
341
231
26
386
625
119
830
862
730
799
651
747
982
894
896
680
81
342
361
963
358
825
35
402
852
17
816
695
91
1117
562
821
1226
590
34
706
1189
254
537
58
1017
748
416
368
1099
377
75
483
725
489
621
609
459
1188
947
1027
761
495
792
678
643
277
480
1227
911
153
454
920
228
993
265
661
930
110
958
129
87
158
931
703
45
1000
59
884
737
145
381
793
405
496
179
4
112
408
288
39
398
1012
1129
696
359
1130
458
227
462
382
1128
221
329
492
430
1079
501
877
327
490
175
1097
271
817
267
157
2
665
1085
568
740
785
1222
936
1202
662
654
1145
1106
103
794
753
772
1103
592
1159
522
1193
180
464
577
349
124
814
414
224
804
838
131
1104
1031
642
389
396
1127
768
456
664
397
139
281
500
1138
766
1037
1114
86
819
743
240
546
204
684
42
955
109
346
208
125
67
474
365
60
261
161
466
1007
666
128
1107
511
906
436
1096
494
781
268
865
831
108
796
1160
935
824
526
1231
252
207
135
1023
1005
763
1170
234
118
847
295
276
322
967
507
138
752
613
1033
902
324
469
868
513
257
144
941
212
1056
525
1171
1210
164
1155
538
723
468
285
632
618
1093
1002
834
611
663
3
891
15
375
709
293
1218
461
1109
1057
897
595
370
1216
802
871
1102
1192
844
550
140
933
356
1167
872
535
186
1156
350
335
409
471
956
1119
284
520
142
69
43
938
424
780
149
878
16
600
565
552
137
152
566
1217
843
467
319
155
455
218
1228
73
37
244
773
639
126
448
687
1209
543
89
315
1089
638
1142
102
1195
992
1137
1169
479
66
607
923
986
193
999
702
259
211
82
445
1141
572
391
334
172
569
606
317
96
700
605
876
451
1221
1024
374
518
1100
774
634
1011
1068
950
353
223
758
879
1179
823
1224
959
519
616
620
421
658
810
487
919
239
63
378
323
27
953
797
50
629
472
1140
969
20
811
1080
316
907
348
197
1110
679
677
784
769
477
640
10
599
669
916
90
167
503
1233
318
755
1211
65
987
514
776
343
1041
415
741
882
1180
1112
567
746
698
229
290
77
1043
860
630
808
194
465
1076
715
693
301
1013
236
1212
1162
898
163
251
561
644
196
788
498
428
922
839
8
1223
1236
294
393
853
633
56
1132
115
541
1020
757
949
660
1220
36
996
400
209
899
646
1215
674
291
165
106
560
597
425
968
545
1014
670
417
195
983
1045
230
339
801
893
1069
242
603
423
659
184
989
593
332
352
856
364
783
869
1049
840
527
803
980
1022
548
46
951
943
1133
117
245
778
657
41
594
806
289
656
213
841
880
918
1026
156
946
92
971
190
502
336
232
571
255
1063
648
1053
215
347
1149
888
798
1081
1134
952
974
574
1186
939
357
1207
1148
133
735
1067
210
890
714
1095
944
302
83
384
143
116
478
579
283
1235
917
1158
14
1144
403
1229
1060
54
481
729
476
485
973
345
387
1073
1166
72
650
759
690
297
1006
978
113
628
418
32
238
413
441
1184
426
727
493
1087
18
908
1240
533
372
998
11
672
453
578
905
162
134
446
636
136
258
79
154
985
30
12
1230
1088
914
886
1181
728
779
