938
360
833
522
511
614
988
159
835
565
584
742
1227
832
326
399
267
598
935
1154
286
1220
238
1169
873
771
304
949
1166
1231
260
497
706
204
1115
900
149
805
748
420
193
763
1049
106
1091
884
683
927
1240
796
181
332
294
1082
1064
527
165
577
27
335
168
730
475
767
1201
207
828
200
844
400
666
16
783
655
1021
650
978
199
560
567
1012
1055
275
1016
912
1128
788
1035
994
285
273
210
1076
262
120
1039
961
1177
498
1059
556
679
685
1101
333
781
528
436
184
531
509
1010
646
896
739
1007
973
1133
220
905
895
722
688
819
561
241
97
840
232
390
611
462
575
1130
970
751
35
324
473
1170
622
538
150
73
720
758
1218
1224
187
1186
631
1044
151
534
2
620
609
463
86
46
1136
146
1031
63
299
952
998
31
80
64
121
914
1086
1001
485
41
944
1058
582
874
803
512
75
801
245
968
1157
939
1239
724
552
13
91
676
87
362
816
566
365
170
621
454
644
774
127
248
746
714
173
1198
467
264
186
409
185
347
982
161
483
923
300
1040
673
169
1019
102
77
836
865
403
488
1145
613
499
1041
857
449
219
825
289
1138
1184
1033
437
281
997
580
820
243
5
562
93
1087
583
397
11
931
787
208
1085
393
760
987
529
729
407
111
962
455
693
791
7
898
152
432
1206
1056
743
536
668
941
1002
330
1008
713
1142
247
1131
569
211
1018
433
888
1074
223
1147
74
145
334
413
942
537
1
259
157
136
373
658
1200
158
1232
778
1114
348
736
32
144
481
623
838
826
1127
490
487
408
772
153
812
1148
484
570
8
494
907
749
500
1174
276
42
130
1099
1139
890
1096
703
1057
780
297
212
271
1164
1108
592
302
789
233
237
1090
726
444
459
891
1213
859
367
1207
1006
12
571
659
126
544
272
587
268
869
1238
1143
430
1178
1192
894
661
755
902
386
852
985
44
179
257
3
435
1117
937
678
76
502
1014
702
280
341
971
389
1024
784
1175
225
1235
101
1190
429
492
1098
1066
1004
777
236
349
47
545
627
625
182
48
1205
687
974
395
30
1183
292
1050
0
934
686
351
956
712
1158
143
284
690
885
691
4
790
1110
1093
1159
100
1078
244
963
976
628
124
1194
194
1140
404
559
882
1210
555
405
855
216
274
872
478
278
60
541
1163
579
258
133
1191
1118
227
215
460
213
948
1182
933
880
753
883
756
202
1199
84
261
594
142
916
684
452
862
1062
287
290
1132
881
737
508
421
418
878
919
770
689
1219
932
54
383
1069
897
695
1094
20
117
25
359
109
34
222
530
1048
453
1121
21
547
909
950
320
9
602
996
1070
663
1079
1072
640
414
708
328
830
814
471
645
439
943
926
235
1109
802
573
1153
696
972
617
518
139
1075
19
29
175
804
17
230
1208
839
618
606
721
1197
1176
53
58
1126
171
965
532
1068
337
422
352
1030
1134
657
776
45
990
129
1214
797
10
434
947
1141
910
469
188
1028
147
1228
107
198
23
697
79
550
999
766
664
315
1088
589
56
845
615
725
447
115
313
810
189
601
940
822
295
440
226
256
166
466
599
675
1060
1161
217
953
384
533
585
858
312
847
375
148
734
355
1137
875
88
296
723
385
851
443
635
301
1187
1015
417
535
515
246
917
1026
1013
928
607
1129
983
1165
779
1179
501
379
578
539
283
1095
818
1034
616
1073
709
651
323
59
239
1084
1111
358
250
249
1047
229
841
24
1185
253
1146
190
595
1180
14
821
744
26
110
504
57
1054
1173
33
1063
649
327
22
677
946
446
62
89
510
984
391
507
1233
309
372
960
496
1023
740
694
155
366
491
1156
793
750
15
1193
1167
1051
735
785
40
461
924
162
1052
705
619
967
887
221
853
325
378
1116
652
1000
1092
977
71
240
277
1081
361
523
868
1022
1188
513
251
834
901
991
479
792
526
1067
457
370
786
160
656
1124
564
636
96
1196
648
125
906
959
704
1152
105
178
955
1122
331
568
468
1020
476
167
517
717
307
254
318
957
548
174
843
364
197
551
654
827
191
134
757
980
477
867
837
642
65
113
1123
590
431
765
112
99
369
1229
425
1032
396
350
128
945
266
1222
218
68
829
6
922
525
842
1083
624
680
731
456
728
279
667
1065
674
581
966
764
665
66
298
711
1162
206
118
316
1113
1097
411
671
495
1043
1151
800
1168
1217
205
402
503
831
707
524
798
1155
761
51
738
329
553
382
593
83
451
1119
1053
782
394
1181
450
929
864
180
958
263
141
55
1125
116
930
769
416
1236
321
82
1107
699
69
1011
138
718
1045
28
363
1037
214
1237
732
795
633
682
303
1189
629
209
293
861
558
892
542
1234
660
1225
140
61
311
252
911
1223
410
701
903
630
441
747
103
123
918
856
98
886
849
354
95
719
808
554
49
203
921
964
521
164
92
234
52
183
733
762
464
759
807
342
520
428
1216
1029
899
322
50
754
104
38
908
506
1089
1203
925
78
745
768
1025
773
639
423
442
1171
514
920
1160
1202
1077
353
637
493
472
346
817
377
465
848
877
37
43
419
1195
692
563
340
634
368
632
850
398
915
1080
889
715
388
269
1211
879
85
608
374
1005
192
426
154
406
438
401
18
480
163
114
951
1105
1038
870
936
854
954
1027
380
427
1230
448
195
698
1071
255
986
1226
815
543
424
1100
371
893
67
381
270
605
458
823
995
600
291
641
1149
1215
1103
681
308
339
904
224
1104
343
981
591
336
132
824
376
741
1209
305
72
344
1172
647
1112
727
866
576
992
1212
39
604
288
392
549
975
813
196
122
557
1106
799
36
913
653
863
586
1144
357
415
486
672
489
1036
612
775
228
806
809
201
1102
700
1046
310
993
108
979
231
588
356
412
669
574
81
638
989
94
752
445
846
282
482
969
314
135
176
710
519
716
662
156
670
794
572
319
597
1120
131
345
1204
1017
474
546
1042
242
505
516
1003
860
603
626
1135
172
119
1009
177
470
1061
306
90
338
387
1221
596
1150
610
871
70
643
876
137
811
540
317
265
