172
224
826
104
813
219
1183
662
938
593
450
907
358
667
210
670
158
15
408
249
248
321
250
106
688
187
676
1028
537
374
1085
17
780
44
329
847
305
912
368
760
1023
202
778
72
440
529
336
392
557
748
199
1178
972
681
105
538
1104
1221
1082
194
709
791
10
1038
2
805
569
1059
1199
411
1001
354
128
382
357
1203
844
462
309
777
1186
276
592
821
581
221
598
153
753
687
721
1184
583
718
664
720
515
247
147
410
1031
819
871
564
41
1010
328
12
217
443
559
488
343
878
1057
1126
1133
881
61
68
845
1231
915
1164
416
700
862
817
1142
568
323
1159
301
858
103
1041
192
1233
303
1094
1114
71
464
745
1110
1169
390
829
1021
790
872
244
438
650
1106
1113
548
360
706
651
1175
461
290
317
980
86
787
387
1211
649
958
959
81
933
490
341
238
1081
296
266
865
134
947
818
188
444
228
551
286
203
876
1088
828
685
1172
117
1187
1185
1025
1200
316
1004
1049
310
834
628
479
585
606
1044
519
641
970
79
7
1137
442
141
956
322
1024
873
35
347
189
100
469
784
418
863
107
725
822
1035
946
816
243
51
672
978
362
372
110
1051
253
1015
524
587
964
867
648
951
307
269
901
353
66
934
761
233
294
289
983
832
767
1171
458
485
952
474
342
395
714
699
352
131
810
480
251
181
1213
302
113
743
1162
1225
764
20
403
1228
1138
1072
701
1182
124
525
866
997
969
877
334
910
314
76
471
1042
237
82
138
965
417
457
174
690
272
297
1154
252
1151
909
43
697
1026
70
904
196
470
563
898
1127
1056
1167
977
433
182
1188
1129
752
502
58
990
111
1230
137
327
769
1210
984
87
426
897
1206
59
170
774
601
75
846
836
1075
616
1226
1163
899
97
38
98
235
292
162
1012
291
539
754
1161
453
1046
541
1078
518
875
91
155
148
29
1095
397
527
1098
1238
236
741
1174
627
126
1136
643
259
218
456
542
785
684
1216
744
1099
149
927
160
270
682
1150
840
133
448
686
561
195
306
730
572
179
52
853
430
1003
613
892
869
717
1168
505
424
278
692
571
108
1018
702
484
465
694
402
287
504
735
65
943
349
861
903
460
1204
993
365
523
1155
1084
1079
793
1122
928
407
522
447
499
345
1064
33
800
83
520
295
6
967
77
949
185
497
998
439
835
544
794
487
921
674
377
936
776
678
773
680
759
156
849
142
284
798
758
679
1112
634
771
732
56
689
258
435
326
445
922
254
733
31
549
532
889
707
533
726
419
698
48
1061
381
1217
1152
175
452
1132
367
868
859
666
992
619
723
339
216
841
665
227
63
463
926
939
325
591
121
0
96
565
546
212
1014
13
1177
656
1229
441
1146
37
556
751
506
380
414
394
1128
1237
986
80
30
27
900
935
1007
994
884
49
193
710
624
940
1066
974
319
311
600
691
385
240
1053
293
409
1047
1030
383
595
989
1020
1116
604
838
1054
371
432
911
976
530
562
660
653
176
890
830
275
756
715
482
605
214
146
625
580
263
1121
425
839
229
719
1000
1160
101
675
747
792
93
948
1236
511
673
516
695
1074
1179
364
376
812
1147
577
891
534
330
803
45
211
913
1130
478
40
782
320
615
968
630
860
1008
99
1107
1080
896
255
646
1123
770
728
609
184
995
427
916
1050
369
584
632
914
455
169
245
918
1205
999
421
815
277
274
1006
18
401
610
223
152
902
857
1240
298
722
963
807
1019
1011
597
366
658
1140
647
281
173
477
467
261
985
799
318
657
405
476
638
1145
962
501
1208
454
617
1131
1181
256
285
705
966
655
987
262
429
510
206
4
178
399
954
1027
683
783
925
768
945
197
393
550
1060
123
413
167
513
3
205
242
905
1193
801
231
1105
763
1212
1097
85
337
960
32
1149
498
888
833
540
1091
908
422
168
239
260
1096
246
944
165
398
1076
880
54
1070
472
130
495
143
122
599
1135
566
136
359
428
280
1087
971
1223
555
386
642
809
434
736
708
1214
558
703
26
215
1170
363
668
1
508
1141
824
659
190
163
125
1139
313
1124
924
620
645
536
1173
9
1058
929
825
183
831
234
1201
1166
209
1100
489
644
492
265
1013
348
493
596
895
150
603
820
932
982
906
57
120
633
46
308
611
1219
578
1077
119
379
1083
882
843
955
755
1037
894
545
716
356
384
762
171
623
543
267
961
198
663
852
996
654
573
1239
118
554
740
1062
1198
1202
1040
338
864
765
135
757
1115
23
340
288
164
517
481
1090
652
62
724
608
186
114
531
396
786
1222
621
696
514
1125
1073
373
232
789
208
1189
177
1235
856
140
200
1143
112
1218
779
273
8
324
1069
713
1048
802
1157
1002
973
226
1068
639
139
1093
808
1234
988
618
129
1180
1111
547
69
5
257
201
612
607
1156
851
346
1043
1148
431
567
975
629
594
332
1029
1165
191
930
55
677
711
370
161
1032
423
535
116
602
388
42
1108
451
579
355
570
814
848
500
95
39
1089
635
73
521
640
712
622
145
552
94
84
671
1052
842
1017
636
1209
919
1118
823
1207
941
503
28
466
415
560
788
475
491
282
159
459
827
957
1065
1120
331
14
1039
378
1195
468
746
437
102
67
1227
400
34
1071
1192
738
739
981
230
78
144
115
166
1055
1224
1009
727
883
21
553
589
350
180
1215
1158
36
207
1102
1036
931
661
979
412
60
204
89
669
25
1134
50
315
850
496
88
772
446
494
213
151
528
391
796
731
797
132
1092
47
1022
1067
1232
750
304
574
920
109
1034
512
729
1063
1220
420
351
1197
1109
509
742
811
1153
507
1103
486
614
271
590
53
1144
333
279
637
74
1033
283
749
950
576
1190
1176
220
1016
586
449
626
225
854
361
1117
344
11
575
22
1045
300
766
241
335
781
436
893
1194
389
264
1196
222
157
312
885
704
406
855
737
127
154
588
1191
806
64
1005
92
917
837
299
734
874
991
887
775
1086
473
90
886
404
937
1101
631
483
24
526
693
870
16
953
804
923
19
268
582
1119
375
879
942
795
