448
169
646
300
428
971
275
706
298
896
1190
1126
981
691
132
220
303
1184
877
1002
1149
483
636
85
751
1192
1143
533
3
1150
53
925
996
104
417
136
755
269
918
682
378
339
1168
41
995
1161
505
1
233
1027
655
836
843
866
11
685
294
1238
660
7
310
873
545
816
813
433
997
684
1160
598
921
507
789
582
403
523
222
1219
647
905
190
191
1029
897
326
1109
1084
465
857
408
451
1125
485
229
1215
742
189
1134
421
1120
385
551
817
798
469
883
147
334
707
368
586
1233
553
1006
846
903
899
1051
267
800
101
552
1144
52
1225
802
711
239
247
118
470
784
1209
1082
1226
1118
946
510
1145
575
96
180
637
356
196
559
328
487
1135
1176
519
39
1119
669
723
583
1216
901
881
28
949
471
499
1146
351
419
522
219
938
22
386
577
581
192
1212
1171
42
232
508
393
383
1122
157
884
732
699
662
1050
265
528
329
558
89
740
122
906
889
379
1130
93
1007
45
114
134
1220
131
778
255
395
911
29
102
325
1020
597
1179
431
845
468
1065
442
58
1131
904
436
330
1075
1001
236
188
631
215
999
44
729
76
279
638
926
249
1115
500
340
792
714
756
198
929
504
382
605
1040
1199
785
246
1038
10
1138
1058
1090
1170
1188
110
392
1207
610
491
309
764
607
835
115
665
1088
54
108
1193
1164
1136
399
231
863
861
106
571
86
982
1158
651
1163
666
370
480
1172
760
805
49
430
894
312
956
930
548
908
867
529
652
503
809
717
678
1094
1175
361
856
459
166
1056
617
872
591
526
839
747
4
384
367
477
27
964
587
415
1004
1062
1198
864
965
676
457
801
703
400
159
841
335
1137
427
1108
517
1009
613
902
524
1069
564
530
90
1173
155
1167
924
1078
283
1059
611
95
79
441
923
34
1098
919
748
1203
815
1222
488
277
885
624
712
955
184
568
1112
235
435
561
708
991
77
855
293
1195
23
782
540
1211
688
1205
850
263
975
154
422
687
201
534
1147
824
848
397
161
305
133
1071
683
969
160
739
138
994
172
40
1105
509
567
1141
882
722
713
914
372
1132
887
750
200
1046
394
210
544
288
32
876
673
319
1023
208
989
513
715
1019
620
467
257
458
18
649
547
622
304
502
179
795
1234
194
675
686
1239
1044
30
936
893
55
381
616
144
437
659
954
865
907
227
363
967
380
360
728
281
123
984
633
770
56
493
440
282
1096
702
606
1074
387
602
177
612
337
389
594
1057
332
546
1140
657
704
641
910
1237
705
601
661
773
17
173
165
890
216
822
424
626
614
763
1104
720
1186
937
741
797
823
373
211
234
175
1152
677
777
16
1110
830
413
1236
1063
343
1183
1214
514
927
888
287
202
1081
1230
250
663
992
870
1031
276
821
1202
1039
212
898
892
423
1049
891
769
844
900
323
1124
449
152
527
270
15
68
48
549
479
753
87
851
1025
261
632
412
1026
825
186
391
9
195
163
780
878
560
142
98
19
942
592
1022
33
550
518
986
14
348
868
444
566
618
656
941
765
879
1157
299
185
895
590
980
570
537
634
840
1227
738
97
113
369
47
515
241
1200
407
886
1054
819
60
609
1185
1012
695
2
1018
812
259
977
1024
1100
557
1221
1083
658
733
353
1016
1042
24
563
1033
1068
141
818
1055
562
754
933
61
804
285
151
248
565
396
807
569
945
266
1123
852
1077
766
521
193
853
1032
672
84
1087
224
970
264
692
0
979
1194
206
31
749
253
1210
46
37
555
788
1073
91
820
858
1139
390
119
1076
443
1053
65
1153
810
116
735
644
680
197
497
414
952
1072
1045
790
240
588
627
207
474
1142
928
439
730
454
290
772
525
934
221
140
411
156
1011
808
226
80
347
482
481
434
355
365
1197
635
621
783
572
256
833
320
1013
1034
650
296
874
1079
653
541
258
278
203
284
1129
787
1014
416
1030
757
758
230
109
13
426
719
273
727
375
445
137
128
333
536
1206
473
743
168
286
1116
432
1114
744
199
826
847
973
324
338
943
1092
630
987
409
213
860
974
308
696
12
1093
645
831
295
828
164
968
953
960
779
262
1037
948
978
57
710
781
315
352
492
187
280
1103
643
402
153
181
957
71
832
731
374
100
775
127
1035
761
149
135
670
875
619
120
21
869
228
935
803
1121
204
425
345
776
317
811
752
1151
922
854
608
354
62
915
429
639
771
1095
205
745
307
698
218
111
1224
623
944
472
1107
1015
43
1064
1066
674
1196
535
1180
849
774
150
694
920
1204
297
364
615
349
837
576
1201
1229
951
162
148
791
486
6
1085
1187
117
466
59
302
1003
70
768
871
574
388
701
494
463
1208
681
316
178
599
913
63
318
862
838
464
1191
1232
1089
146
489
993
26
174
542
183
346
990
726
827
806
130
452
92
573
73
1162
1061
600
579
1218
245
103
1021
64
1008
401
961
78
689
313
700
125
983
516
1174
950
796
1043
1086
1017
158
462
66
697
225
1235
679
998
490
377
1102
327
105
268
362
455
916
453
404
1165
476
450
664
966
556
1099
260
438
709
301
1070
603
958
344
506
126
1060
947
5
829
1041
1010
1231
988
8
880
629
1128
959
668
82
543
909
1182
121
1101
554
242
238
511
223
475
1169
932
520
129
321
1067
1154
292
654
762
496
940
1181
143
746
331
737
1213
976
1005
252
36
359
484
366
1127
35
625
690
578
834
716
1133
767
648
357
1000
604
786
170
94
859
912
478
1036
495
254
1217
182
595
322
237
272
1106
456
314
20
460
341
642
939
107
1052
1189
794
1155
501
139
1159
398
724
405
1111
596
342
512
1178
640
814
217
759
972
842
406
532
124
718
793
671
538
1047
371
461
725
83
721
50
112
734
376
38
171
289
1091
350
593
446
271
1097
628
1028
67
1048
74
72
1117
244
1223
75
799
25
498
145
291
693
420
962
985
81
1148
667
99
1080
580
931
88
589
306
176
917
167
584
274
1177
251
585
51
736
1113
539
69
358
243
1228
214
209
418
963
1166
336
1240
410
311
447
1156
531
