84
890
176
27
441
690
150
1037
110
1099
799
186
1195
837
348
1002
223
448
709
85
309
926
91
141
900
55
1044
24
745
1214
28
538
170
844
788
1048
1074
51
971
1097
1215
1019
895
758
385
972
488
371
1212
45
1178
69
830
611
922
473
480
614
564
803
979
877
787
728
57
1239
814
1130
1054
261
840
131
791
1060
738
1094
778
457
776
48
143
1028
1225
214
859
989
574
413
714
495
46
722
471
712
16
77
1183
387
476
854
1190
701
643
813
767
514
79
1131
1083
1111
567
89
434
212
1123
688
1233
568
1030
1051
834
857
530
263
407
193
751
717
991
1026
119
388
420
872
118
326
1061
370
906
1
663
108
537
98
729
641
546
460
64
1228
555
967
292
696
686
272
185
806
1046
783
18
1007
591
39
279
481
942
409
255
812
705
866
146
1050
959
675
511
218
497
238
683
1191
995
673
274
742
810
905
796
320
252
861
432
76
339
674
1090
730
992
419
790
628
1204
950
869
1040
981
521
970
509
825
914
1127
33
29
345
1055
632
1115
531
703
1032
232
774
132
168
575
780
582
513
458
588
750
412
86
891
997
951
191
211
1053
236
422
665
664
1045
423
174
1230
1112
34
491
920
1089
152
669
415
542
1059
278
297
66
636
94
1149
977
647
190
470
1139
1015
184
565
528
836
1129
1001
189
475
1067
833
125
966
35
275
736
1027
993
226
700
81
610
102
820
375
804
662
525
1211
148
1066
819
590
515
163
1224
288
474
990
23
795
763
781
228
265
875
1065
1235
92
1008
26
177
1095
1012
798
363
377
425
317
83
313
941
879
924
660
681
578
1197
718
426
239
367
808
1071
1173
839
1092
921
594
160
1009
1175
449
725
1153
605
852
322
234
777
100
133
1158
624
209
1070
889
1084
1029
1207
764
1210
222
139
1135
827
1120
651
851
1188
213
204
347
1238
1219
654
258
589
235
187
1231
652
792
462
723
584
343
1025
1004
516
816
770
303
715
682
1172
4
153
53
871
935
933
543
208
1077
896
559
1201
264
747
1177
510
1110
298
677
304
1221
1011
638
156
888
756
233
577
873
154
197
1163
880
120
749
785
1042
126
1035
657
551
17
968
266
1104
47
1220
544
1000
1222
366
596
280
262
733
1096
1003
915
885
903
392
307
1140
205
789
338
383
948
199
68
61
299
138
466
167
260
1226
907
892
1005
1206
626
1138
461
752
337
963
52
242
397
483
0
598
940
1213
14
754
727
323
974
603
1199
1069
215
939
829
70
1125
217
937
109
838
145
1145
374
566
581
22
1078
644
1109
978
1116
505
800
1218
661
396
1020
472
431
1182
294
918
1161
702
898
958
1237
486
25
220
328
402
459
216
744
561
1227
121
253
42
194
357
1200
172
601
344
446
405
3
1146
957
31
1033
13
1075
1192
897
1022
504
585
604
619
817
931
312
114
484
142
1141
784
276
490
1113
884
122
1171
183
631
1093
305
1151
112
518
8
1165
267
757
277
1240
726
398
1202
697
856
960
282
553
936
923
1018
902
257
719
913
886
853
953
493
287
1079
71
894
318
482
6
353
129
671
847
938
1038
452
417
74
739
1017
934
1179
615
20
1216
445
379
883
300
704
571
976
1058
613
273
520
104
1082
136
44
961
831
271
360
713
731
668
947
999
860
444
1041
637
454
340
103
765
12
1047
311
821
602
364
1132
301
428
180
599
308
809
430
952
381
529
411
925
721
698
850
503
597
439
558
667
710
534
135
1098
969
130
435
1085
1063
916
127
291
1137
247
678
666
88
1100
492
450
855
901
1180
616
878
1160
37
527
908
1128
1181
80
225
607
645
259
794
1187
41
586
489
384
946
569
893
769
1156
772
500
421
617
1010
200
818
1205
835
395
998
655
842
545
1122
1013
447
633
965
1103
848
296
659
716
1121
849
227
147
56
622
244
1034
178
246
823
761
406
179
58
155
283
224
325
1133
369
293
608
986
289
680
151
1189
389
630
904
479
5
478
1143
32
281
75
399
290
1198
760
221
755
862
766
391
547
237
429
692
15
507
694
501
1142
1150
10
106
231
159
612
332
653
1217
60
732
349
207
1076
1162
116
372
418
982
485
319
198
882
72
443
494
315
699
1168
1236
642
1052
846
502
828
352
996
427
468
1073
858
1117
572
270
771
867
496
1223
1136
579
1196
335
506
73
587
1193
648
1102
870
1107
256
1134
393
868
606
96
782
962
400
9
1157
1155
910
583
540
1170
469
334
1147
196
815
414
382
593
1124
157
748
410
768
807
740
123
1186
162
99
801
707
192
115
124
1091
241
832
985
600
442
330
1023
550
149
380
512
1169
243
944
54
351
746
1119
980
1144
354
144
956
416
498
1056
327
928
797
378
1209
627
687
909
1166
949
206
1184
552
1234
576
684
93
1229
1021
592
874
1167
917
1014
350
735
676
863
693
62
943
927
881
19
822
394
517
629
984
508
1088
453
786
1031
465
43
245
708
202
107
679
887
158
1208
734
78
499
254
117
451
621
983
134
557
1232
975
556
646
268
625
1126
342
169
201
1114
49
824
63
401
59
164
229
376
802
987
793
356
161
1006
609
1176
864
743
1039
203
373
1203
362
331
87
519
65
720
524
188
7
620
390
487
994
50
865
316
973
173
219
536
532
1049
759
691
775
805
670
762
573
210
919
932
433
1072
181
137
549
753
522
368
329
386
523
811
563
105
554
336
526
195
618
30
945
440
424
685
240
95
333
346
358
1185
101
21
113
724
1086
623
464
361
321
656
1148
1016
248
359
90
650
182
365
841
1108
843
1087
1154
477
899
1064
845
929
408
175
711
302
1118
535
437
826
463
438
1105
40
672
436
111
314
955
1159
1068
658
467
912
988
533
689
284
249
171
82
1101
1194
455
1057
1174
1152
911
639
876
1036
706
97
140
964
2
285
404
341
539
649
695
456
635
580
954
1106
548
286
38
11
640
570
36
355
1080
1024
1043
773
1062
634
930
737
295
741
250
562
1164
310
230
1081
560
779
166
67
306
541
595
165
251
403
324
128
269
