286
356
256
971
933
605
194
142
626
746
516
620
1010
273
633
317
840
308
98
729
1113
915
370
297
789
628
1074
72
214
558
765
1180
457
1178
458
1087
931
782
834
974
164
644
663
926
325
305
623
708
367
20
495
82
212
1112
1138
304
175
528
1031
501
862
347
532
641
680
217
914
1058
676
468
669
451
229
243
155
755
559
1226
95
924
96
825
395
1162
590
313
386
291
1154
143
1100
860
1000
487
797
185
885
944
319
890
478
422
469
51
294
916
309
136
794
510
570
22
1201
904
899
475
271
932
130
448
1145
231
221
947
124
864
660
108
311
1234
726
4
1110
763
942
1142
595
662
63
511
36
688
139
169
280
220
47
608
578
172
56
948
26
1012
1121
557
38
41
927
1107
470
1222
858
1135
838
293
380
925
70
1024
364
1073
968
651
1203
486
674
173
1057
118
246
946
61
401
1186
594
984
133
300
253
24
832
771
204
544
409
345
116
852
1133
456
939
16
106
341
226
951
850
476
1080
1048
260
258
1170
969
769
93
652
1078
600
845
742
891
113
233
379
479
943
397
1029
23
54
757
91
806
527
689
990
622
1177
1008
1196
1093
720
335
365
1163
189
857
813
178
781
403
959
75
148
1130
889
1232
489
613
281
542
298
1238
1206
440
877
210
423
1044
1187
568
723
357
1038
60
961
499
788
897
702
1072
629
346
582
766
635
368
972
467
1033
793
649
998
208
882
463
167
992
950
539
295
241
350
449
399
19
255
561
963
666
1212
1233
853
176
33
878
490
519
117
572
1088
219
566
146
239
1028
775
131
498
814
656
980
577
677
987
228
1051
1023
1056
1119
754
30
182
970
880
935
918
597
272
488
770
459
849
735
234
244
1052
1105
681
955
160
407
591
410
125
165
728
938
1009
1182
89
362
618
884
548
696
977
114
1065
1236
826
1198
265
1034
328
982
625
442
759
831
1013
301
259
646
563
923
874
404
269
668
552
402
522
187
28
1041
650
1224
230
494
1214
706
1049
242
462
691
329
711
1118
761
1027
43
537
290
144
1
920
197
171
588
1166
509
321
593
344
767
665
671
1240
1146
381
376
472
416
1025
1071
418
303
549
560
333
105
1039
994
744
1181
675
59
875
859
934
6
710
881
1016
584
1005
811
1197
1179
152
1217
1188
739
778
690
1037
322
287
205
685
86
833
505
289
799
400
1036
31
215
521
991
648
504
121
1210
434
907
1083
693
207
225
772
1063
1082
373
465
1030
543
192
249
32
1111
1089
873
150
815
1102
406
1096
585
1239
427
359
928
988
375
1193
1011
1054
1094
917
764
756
621
227
887
84
839
1185
895
721
240
69
45
956
396
1091
415
138
822
996
161
483
81
0
327
387
1168
1127
425
888
846
703
8
861
446
503
520
372
1223
12
251
865
1114
183
393
441
719
692
753
497
627
193
699
213
704
83
678
1017
844
748
573
694
760
1021
179
727
1053
957
701
936
741
1076
181
929
903
611
369
1115
952
153
1123
579
37
342
1124
268
636
429
687
734
1191
50
616
264
87
460
1192
1172
248
112
283
876
435
1237
958
29
445
1069
796
533
170
1183
879
913
453
867
126
960
807
812
1153
430
954
252
534
66
1144
1190
1167
1003
278
531
5
567
65
602
1159
437
953
610
997
1205
752
324
190
1117
195
967
966
1079
983
768
803
1077
515
601
316
909
1140
901
263
159
1064
132
596
645
820
92
343
905
798
405
315
679
1090
340
716
336
216
1160
661
135
134
821
1171
827
493
718
7
424
1204
443
824
107
337
737
496
428
140
491
540
39
547
196
14
1019
102
1221
10
218
1092
390
1097
1174
237
34
816
507
868
77
733
750
1228
128
292
638
419
565
122
1161
166
1116
779
1022
284
802
524
109
222
11
556
48
110
607
58
686
288
684
147
94
571
1143
945
791
1046
163
985
384
27
21
698
863
856
724
42
892
736
910
1209
835
564
247
1147
1061
749
474
1211
1108
276
598
198
979
351
1175
780
1195
1006
464
307
654
965
79
792
299
447
902
1032
743
433
296
854
348
978
85
436
360
332
866
466
551
78
714
62
639
976
790
554
1227
127
589
1235
1215
683
431
477
358
1081
930
73
949
615
1176
747
141
655
355
473
855
538
481
823
995
261
492
199
1002
619
989
120
334
722
1230
3
682
900
1004
1103
1125
776
46
1109
1007
640
203
630
576
1060
391
363
784
847
1084
200
168
1104
68
250
962
529
1137
71
1129
1062
908
546
1184
455
1213
1026
624
777
270
1208
236
647
254
64
575
871
104
700
517
209
235
1157
612
872
394
617
154
1120
603
502
101
893
664
541
1101
1085
535
964
262
1148
377
1202
158
232
115
279
277
819
145
986
413
569
1068
282
518
870
836
1043
314
1001
783
285
1045
331
156
514
762
417
111
614
574
506
883
513
829
13
90
553
1155
1134
940
330
444
452
450
1158
981
354
312
911
1067
715
149
843
941
525
830
659
88
841
1149
672
180
848
1150
657
921
906
80
643
1047
653
245
1014
2
274
1128
352
388
202
1152
536
993
414
530
886
1106
49
973
302
922
378
512
9
74
810
432
454
758
1216
1086
745
177
1070
1229
713
55
471
804
670
851
562
1075
1040
211
712
1194
740
606
408
353
398
1165
338
730
484
800
725
137
809
67
587
842
53
808
361
632
480
1200
732
912
188
339
896
1020
461
673
581
52
1199
667
157
1139
609
326
1225
306
975
35
18
103
774
392
508
1231
869
1066
438
97
426
184
366
162
1164
786
123
238
1015
1042
580
174
795
550
500
1141
555
526
1220
482
1050
599
1218
1098
817
257
374
411
805
738
412
898
1122
1156
191
894
658
731
420
349
545
485
383
1132
634
320
583
223
1136
707
999
371
828
697
717
439
310
773
17
224
1207
604
151
709
1151
1219
15
1189
1131
1126
1095
592
1099
186
837
1055
1035
267
323
637
818
44
318
129
119
586
99
1059
76
201
801
785
382
385
421
389
695
1173
100
266
642
523
25
937
787
705
40
1018
1169
631
206
751
275
57
919
