754
853
480
109
403
175
994
620
463
846
549
1158
151
785
1007
376
449
1018
1092
959
1000
875
1118
337
1098
1239
306
115
1003
555
1110
529
1122
1020
285
320
254
396
226
603
590
1038
1005
804
207
1215
736
1083
849
777
820
1085
1115
729
237
845
1126
32
1072
700
156
253
561
1137
1107
815
1193
1166
889
789
575
914
859
1140
546
163
314
968
402
336
11
822
37
560
142
63
595
394
616
588
1230
1036
1198
220
1139
1195
1155
1067
928
149
391
362
988
778
898
355
1181
621
578
102
943
155
70
448
195
926
161
567
911
343
317
521
219
477
366
292
83
634
444
855
197
143
857
1173
101
643
356
1205
1149
112
784
288
93
769
1063
425
146
1046
812
322
696
267
78
617
571
1021
1170
1128
415
388
963
202
524
169
530
948
945
5
34
401
284
829
230
1111
563
630
76
1207
781
1225
741
935
1133
515
492
646
1048
839
282
309
919
493
296
404
1180
1099
250
730
637
251
628
1055
24
594
125
878
931
663
955
868
981
199
419
657
484
642
675
398
807
635
341
422
131
732
548
74
489
817
938
1049
787
735
587
65
961
899
861
551
724
991
539
752
605
998
737
274
114
81
717
335
410
1050
834
1080
631
59
1094
1152
953
772
302
1004
35
909
170
694
613
1188
1143
373
1066
429
783
441
1176
1040
27
1134
622
569
183
1234
301
609
129
221
796
1186
1031
1153
774
992
749
896
1065
12
104
600
138
536
766
154
141
873
365
768
949
844
606
395
1214
318
224
691
703
281
647
66
123
1240
38
944
912
386
1121
1151
1057
802
361
799
247
658
727
824
1159
471
346
652
126
750
460
269
1023
962
837
380
776
897
541
218
1100
771
1148
17
326
760
559
456
1076
651
331
68
1142
1154
105
245
709
333
1200
581
487
18
872
654
763
1120
552
993
584
450
261
835
438
313
964
319
591
542
339
1223
194
235
1177
191
830
678
1077
458
1052
42
860
615
681
198
1016
134
47
4
152
430
363
6
478
106
585
119
997
592
653
1035
246
971
858
639
1220
466
283
923
871
869
665
877
699
69
731
147
758
825
120
674
747
739
965
1043
264
164
1101
1001
876
1102
1042
255
215
1002
1105
833
201
371
910
236
623
1222
92
852
1025
1218
1074
439
1161
831
434
941
690
503
268
930
116
650
297
1030
625
357
821
9
454
957
130
1032
574
890
608
805
490
1113
947
41
966
71
387
293
978
180
604
1217
545
995
25
426
485
421
241
728
712
792
162
671
1006
49
714
242
311
44
1226
208
213
15
526
759
1060
977
798
176
232
494
532
716
58
148
999
62
86
312
711
342
599
786
1172
874
1068
764
816
328
171
793
82
1160
479
956
811
299
57
882
564
73
349
1196
392
437
725
655
216
100
984
374
28
139
708
369
40
271
290
295
619
1236
45
1238
259
414
1199
1117
173
788
327
693
229
1109
97
682
656
1171
94
589
683
983
304
522
1054
209
495
715
400
719
670
680
256
644
174
632
1033
1009
408
178
1015
780
1182
289
950
378
894
1078
1075
596
1106
303
77
443
351
645
974
659
611
263
1114
832
121
838
527
967
1146
534
279
990
379
908
698
56
744
518
745
110
843
726
305
508
558
95
573
593
572
88
502
528
511
262
887
770
893
1187
217
1041
243
46
906
765
405
258
913
767
1064
389
427
465
1019
1191
598
1091
706
733
1108
939
1135
481
577
795
308
547
186
718
14
1197
880
513
557
850
497
1150
954
370
338
26
649
1103
75
315
883
1131
476
1053
1029
960
1014
828
440
847
467
1231
107
54
814
648
166
586
99
836
382
1127
1119
970
662
865
1096
1204
856
1124
334
118
525
1071
1202
794
895
310
1201
36
451
903
500
734
472
638
412
442
428
757
660
287
1104
550
1163
227
773
1011
677
30
1165
920
474
523
742
1027
345
252
1179
87
867
1013
330
91
565
307
641
447
514
60
509
755
167
1174
196
436
624
276
818
496
618
435
705
1212
417
214
1228
738
205
222
420
89
475
672
324
1010
137
136
13
1219
507
533
468
153
1194
48
886
1130
411
377
140
7
936
710
958
823
543
212
384
482
1189
583
52
697
976
633
673
554
248
184
244
704
117
1062
517
359
607
980
1183
687
597
298
1024
122
1209
1087
803
432
686
423
286
0
354
1169
375
1084
1008
368
1178
1090
1051
1138
626
884
940
1210
664
277
273
353
924
1017
1082
695
240
445
915
51
1168
1081
446
504
580
452
135
225
1216
1235
103
753
157
1144
21
300
340
851
614
165
360
1037
1059
390
840
689
813
1058
453
455
801
927
516
1045
407
892
470
973
806
827
932
1233
1162
1070
904
1145
55
891
1192
866
987
905
1093
863
1224
881
168
323
424
848
321
707
257
901
43
723
67
933
486
1164
669
204
159
385
499
31
937
1112
172
809
61
416
740
433
145
952
1012
1213
50
381
265
612
679
8
531
519
1157
39
979
1156
1136
1097
907
1208
1190
601
842
72
1088
84
1116
329
568
275
278
206
10
316
193
1211
393
782
925
692
488
864
459
431
96
1056
1206
1022
929
108
1047
775
810
498
280
870
667
133
457
985
1079
332
367
413
989
344
666
260
192
294
233
570
1061
800
33
113
505
20
748
743
688
902
347
291
409
756
111
602
383
921
579
761
1069
266
982
986
1221
64
582
797
506
1073
1141
19
721
946
182
272
722
1
234
512
90
1123
188
358
556
1039
128
187
223
917
239
53
127
538
150
177
22
684
975
713
762
1026
537
1185
79
779
972
544
491
520
720
576
249
566
203
189
540
190
1237
1184
1229
1034
98
942
397
16
951
1132
1147
1232
969
181
211
1095
144
1028
80
553
372
124
791
1167
352
996
469
350
685
702
29
406
418
1203
629
790
562
462
464
1044
819
231
1086
210
701
348
3
132
888
325
1227
200
364
636
668
661
922
270
934
228
535
501
627
158
1089
238
841
854
160
862
826
808
879
1125
399
23
610
185
179
885
746
473
85
751
916
510
461
900
918
676
1175
483
1129
640
2
