719
931
765
1190
93
50
165
406
1217
461
687
1145
609
664
694
918
354
689
563
1157
934
1077
278
1168
296
849
858
813
7
482
630
251
691
1185
673
1088
343
999
776
619
1114
219
754
775
1231
38
227
1058
747
916
324
466
191
18
527
47
110
247
1215
390
738
749
963
1186
217
1019
111
1043
151
186
957
1033
509
1163
1065
1125
518
396
92
711
728
690
291
1201
870
1164
277
193
927
985
179
646
319
693
1166
666
1129
756
742
502
1229
1158
273
777
3
841
1123
897
500
393
730
1014
877
930
196
848
1052
1184
1035
886
1079
303
387
505
382
230
100
1143
17
683
208
119
854
337
902
386
1054
660
131
1230
1148
928
919
1206
440
887
1039
1191
265
943
443
13
1029
576
939
875
781
318
892
235
1156
983
44
245
80
588
321
828
444
1228
790
1090
167
469
710
589
422
898
920
8
194
364
1034
942
309
998
401
1187
726
212
460
1004
835
546
276
895
333
72
181
645
553
587
320
1193
288
486
825
656
498
479
1204
16
591
547
724
507
771
67
592
520
734
801
316
604
433
552
598
631
627
1194
707
857
389
634
454
1234
1169
415
970
37
817
536
285
155
718
87
538
545
879
978
537
220
799
391
816
209
1159
1018
551
483
56
667
992
864
665
792
565
921
678
670
185
1081
246
326
428
590
178
496
705
121
513
990
106
280
958
955
786
1233
910
59
853
506
1016
994
1110
282
959
1205
643
850
31
1020
1238
206
88
323
1153
1099
419
1047
132
519
439
988
800
832
947
149
305
840
263
383
863
774
340
472
1071
1139
1144
965
586
669
32
1162
410
699
906
1038
1135
1083
1137
1224
213
803
159
89
130
176
421
1211
618
915
207
676
360
922
1072
610
791
407
951
252
10
222
5
408
578
1022
907
525
652
311
1008
363
653
1056
795
869
611
648
1226
256
917
1013
503
829
25
873
971
33
347
376
426
494
852
1010
215
146
388
118
721
633
1218
327
261
64
142
713
597
657
1048
561
567
184
807
416
53
40
573
582
938
809
241
554
141
257
248
865
281
1181
514
1104
228
851
975
313
1028
211
926
292
240
1212
378
1208
511
66
51
446
1221
804
878
585
708
935
86
497
1134
995
1
468
722
603
279
1106
834
649
517
1027
571
24
437
504
761
97
1216
888
748
306
662
73
331
599
487
405
819
932
831
704
414
147
789
412
568
1086
425
137
172
441
307
255
452
542
112
231
814
743
436
465
962
1101
442
529
1046
1202
294
490
967
267
584
575
566
423
476
1064
632
370
881
204
617
1055
1042
668
295
827
297
629
138
623
394
912
577
177
1170
762
984
757
677
420
1076
134
127
65
808
271
161
745
581
501
1045
874
714
1025
1113
515
48
964
949
312
1087
1150
243
11
409
384
544
733
856
274
1119
114
909
837
46
732
187
1232
625
214
197
1132
601
76
81
557
201
1120
0
1103
821
341
1005
427
941
812
369
717
798
838
451
12
1096
126
457
371
1006
913
622
226
1210
981
889
1102
262
650
560
956
474
491
289
304
157
275
1095
1107
638
1178
49
1207
372
784
1141
1062
283
725
101
98
1151
933
644
684
334
1094
250
188
739
723
21
1219
564
293
616
1053
20
1085
842
150
284
1063
991
944
1015
624
445
224
924
845
750
1235
61
348
485
759
377
540
58
977
948
862
91
727
431
1070
400
703
103
52
366
375
997
1093
489
1173
404
492
626
41
163
1026
752
940
1111
953
987
301
908
450
413
651
972
495
4
1051
1239
1112
488
269
1098
883
329
458
350
418
712
456
140
397
122
357
979
268
1220
367
270
884
128
398
1011
198
911
579
286
736
1182
342
872
1130
424
317
868
1067
788
524
672
729
242
351
1146
1133
1142
148
1061
236
229
1044
569
448
1003
154
23
830
605
753
896
9
434
272
1021
322
85
1188
904
763
84
899
612
152
937
839
615
34
606
234
871
287
1115
417
698
338
1196
523
715
1030
903
1138
580
1121
1002
782
380
75
805
260
385
741
42
658
173
170
339
1080
238
596
614
697
39
751
758
115
1082
688
374
654
1199
335
559
847
353
302
1127
628
60
1171
499
1000
162
325
190
572
174
543
1165
663
516
1147
961
153
760
695
661
846
1009
478
952
411
14
102
232
773
861
94
1116
429
1214
594
882
787
124
549
1167
954
692
1117
156
980
583
45
1031
570
522
22
533
510
679
893
453
1222
923
613
1140
1155
802
680
63
471
1174
79
15
99
960
30
1105
435
1192
1131
210
764
83
477
1097
1037
225
237
55
1040
1179
772
143
855
43
1023
1108
890
740
69
218
26
880
168
785
1126
621
716
221
1007
1154
475
526
735
362
528
534
352
966
164
905
349
562
1183
640
1041
54
558
593
859
900
974
480
823
608
432
539
29
969
796
200
175
556
105
192
1049
1176
2
473
555
531
447
1197
216
700
925
674
1109
403
968
1128
894
1001
976
82
826
1209
1236
133
946
815
1177
258
744
233
467
1075
866
345
639
986
1089
982
891
96
430
344
249
470
361
1069
620
455
239
74
449
1180
770
1074
355
299
253
737
108
109
671
1024
797
300
769
1213
330
794
720
755
392
244
860
332
35
399
169
254
19
1203
90
936
95
778
356
659
1118
1149
77
993
365
1240
189
104
205
160
836
62
685
508
1066
1152
822
780
27
989
28
136
139
1172
57
655
541
1200
203
373
120
779
381
266
1161
945
641
459
481
125
595
166
810
675
464
484
731
996
264
314
811
113
182
463
158
1100
493
107
1060
1195
647
844
1017
681
548
867
298
1237
1057
1122
929
701
706
144
521
1175
600
532
336
259
766
768
1036
1223
885
702
359
202
1012
1160
818
379
1198
1124
171
876
746
843
402
783
71
1059
438
308
36
1084
636
1189
183
512
696
635
682
358
914
1136
290
129
1073
70
709
686
78
368
1032
973
833
642
116
550
901
117
1068
824
1227
223
535
793
530
602
180
395
574
1091
195
346
1092
767
820
462
145
1225
1078
68
1050
315
328
310
199
135
806
950
607
637
123
6
