600
152
685
283
665
912
44
1035
358
1121
1022
75
720
1079
377
471
964
66
1077
14
1119
1156
3
323
342
1023
19
1144
59
137
570
1266
927
1193
741
10
218
65
449
717
1220
1080
118
547
587
541
249
683
450
613
995
260
705
899
1273
221
245
832
53
94
537
616
551
946
461
193
670
164
6
1044
1168
499
1164
642
1067
752
231
190
351
920
977
952
1098
109
569
597
32
922
511
956
302
1270
722
174
162
583
889
877
942
16
1208
262
442
1247
603
98
506
266
898
1272
382
929
143
52
242
60
1221
1300
92
611
847
5
139
850
288
534
610
807
477
1148
495
112
979
503
1290
851
165
360
58
295
1255
1072
303
41
1222
926
225
974
349
1229
1256
485
1248
710
992
563
100
990
366
571
1078
1105
788
1093
1091
552
287
935
421
790
17
1070
651
147
255
500
1162
458
472
383
880
1058
779
253
868
618
1246
1043
862
199
479
409
315
690
229
962
427
740
758
664
783
353
122
385
719
148
67
733
420
860
936
1157
1261
150
214
658
23
430
188
872
274
738
42
371
400
812
561
870
520
1209
679
1294
594
457
455
1219
565
667
533
606
1005
542
128
1269
694
1128
835
460
1159
530
923
1114
976
742
848
167
932
994
206
887
663
1153
588
865
939
136
1278
155
581
276
91
1026
769
931
598
1050
763
236
1207
1069
343
175
866
130
452
703
696
120
76
1081
228
543
523
1136
822
505
205
184
512
968
604
392
408
771
1145
388
170
560
864
902
462
1267
978
433
261
907
26
33
20
930
424
521
1178
645
514
116
1186
1016
226
1239
1214
171
721
341
1285
352
671
867
718
629
370
697
780
900
753
795
592
960
135
1064
593
154
681
949
655
804
77
540
890
1203
49
1118
875
884
394
519
775
490
702
869
689
704
621
1100
475
1034
951
1042
305
304
1291
750
789
1090
729
830
34
673
405
468
998
498
747
68
595
189
879
123
617
326
434
316
919
1302
950
157
1143
917
996
396
1122
238
1295
774
620
411
279
1000
963
332
764
957
456
646
361
438
836
824
1172
803
336
399
842
882
403
716
321
635
493
474
429
943
1
692
124
1089
90
1139
846
376
419
27
432
1095
1127
168
1061
314
755
195
1249
11
531
374
816
186
626
905
608
393
572
798
379
391
1110
525
115
669
794
1180
796
539
546
585
480
198
855
31
89
1195
1252
580
793
654
30
95
294
364
1257
1301
38
674
1233
1155
650
1021
443
810
744
518
811
469
1101
466
908
61
776
916
119
754
619
331
209
623
589
510
301
544
296
573
1160
257
464
1039
1059
1188
108
1184
806
833
1150
7
517
556
871
1191
230
636
647
1283
4
781
584
177
310
256
1009
277
881
207
284
496
1094
609
126
562
1236
73
1197
418
631
200
415
577
1215
895
986
980
372
74
1099
1201
959
1167
138
1271
212
488
1276
1259
46
312
940
707
318
896
217
886
712
1104
970
158
24
357
1001
1012
743
632
548
759
489
1299
602
227
1232
1165
381
306
522
791
559
8
1116
328
183
914
713
853
15
660
86
103
423
219
579
40
431
233
1019
265
192
987
892
426
369
1174
837
1053
131
437
1147
558
773
222
1235
564
760
615
1245
497
1138
999
153
0
62
486
309
401
765
858
782
63
1179
476
1046
365
745
762
829
883
99
290
736
975
428
991
1187
814
953
925
482
1211
576
672
159
440
1007
356
234
785
901
1303
625
181
1048
1281
121
146
538
413
252
1008
958
688
682
12
268
264
293
844
1237
624
687
1088
1192
338
1231
180
1260
944
903
634
435
827
106
1230
652
169
160
197
1200
841
845
668
988
1277
145
156
1225
1152
390
735
605
467
809
969
211
1289
50
731
239
554
125
526
772
1223
1003
586
441
187
527
202
971
985
873
487
1238
1212
1018
784
204
1228
1217
113
271
1149
1287
691
1113
675
203
639
840
362
35
706
79
574
601
398
591
1076
1242
904
820
1011
291
801
308
194
1085
649
1196
1181
657
102
54
739
1296
1202
64
941
1092
678
416
285
746
1213
1013
47
849
347
911
1109
1041
662
861
446
582
555
300
1004
828
893
1054
1132
319
715
269
981
1262
223
748
483
1206
29
85
333
1135
133
1102
656
504
329
220
1129
278
258
1224
509
805
777
297
1055
324
800
888
630
1073
938
322
826
708
1264
1066
838
179
502
1062
406
709
967
1037
1106
384
725
1216
1176
966
590
237
1030
1124
176
545
876
1020
375
473
281
330
250
254
1130
134
726
1103
1125
447
693
711
299
1137
380
1166
1096
1171
96
799
1084
1082
273
272
982
532
1218
1199
246
210
1304
557
9
1120
243
723
528
808
945
973
724
1036
335
641
1297
350
1185
508
282
1051
1040
536
414
344
756
1086
110
1002
913
921
453
1115
1029
144
463
653
484
906
71
132
1117
1288
786
766
444
87
348
1057
524
792
69
163
1210
983
345
93
417
989
1227
402
1177
1075
1133
909
1033
105
874
36
327
730
1024
48
749
737
337
478
993
698
894
339
550
984
751
878
553
843
470
857
1292
248
142
1173
1015
1158
1226
813
1240
859
386
575
1017
354
734
317
1250
340
13
201
117
1087
644
1063
270
1251
51
566
292
612
1140
686
823
410
363
298
797
513
263
568
659
289
359
955
934
1254
355
787
1205
39
666
28
70
947
451
404
1141
465
614
933
599
1107
1293
910
367
1258
1286
1234
815
695
1112
251
1028
1032
491
82
247
701
1244
389
1198
45
1083
661
368
1175
948
1049
1241
778
25
21
436
307
320
997
240
267
507
141
1111
529
1052
643
757
313
425
677
915
885
928
1010
852
1131
1068
637
633
640
412
101
161
22
863
57
445
1060
2
1047
84
1065
1074
387
173
856
1280
395
213
501
56
149
311
129
854
638
817
111
622
1056
407
924
918
224
208
325
151
1282
259
1123
216
18
676
492
1253
1279
607
97
770
1025
1268
178
1006
1027
1298
768
515
448
891
727
215
834
680
1126
1284
196
1071
481
104
166
732
648
459
1045
373
596
1183
191
1163
37
535
714
700
578
232
965
244
1038
839
83
439
80
1142
1204
1169
972
78
684
182
1170
831
897
516
107
1108
1154
728
1151
185
567
334
378
81
172
1243
802
1097
114
55
767
1161
1134
235
1031
140
699
1263
628
1274
127
454
954
1014
819
43
761
286
494
825
1189
88
422
1190
818
549
1275
280
275
1146
627
1182
241
937
346
1194
72
1265
397
821
961
