134
1011
1045
325
811
332
394
287
682
303
431
102
322
1027
2
171
1030
475
696
1075
927
912
723
500
1205
542
881
832
1143
108
331
408
600
424
1039
1053
710
987
559
1259
1020
247
1013
462
356
923
774
345
255
490
1249
480
946
329
1106
32
1223
157
437
244
869
248
185
1060
1070
703
781
983
721
123
1123
1062
518
264
1300
970
491
724
1244
312
1032
837
986
1074
758
1048
23
1264
722
1073
640
771
496
38
846
949
704
344
834
865
1278
583
455
1131
553
177
59
487
948
479
300
994
770
320
445
588
310
1210
718
1103
713
3
361
277
757
1140
633
494
598
824
985
1302
517
315
529
105
200
481
1196
895
514
596
664
399
377
960
1219
571
486
1129
1268
844
24
976
915
851
429
1115
506
143
42
907
607
578
523
187
1298
301
974
1128
616
728
567
989
420
406
1110
49
589
291
148
1130
271
570
836
1072
916
295
1147
1286
1221
1134
219
792
499
519
278
789
1059
1104
720
1248
1177
753
730
888
130
868
6
145
298
973
215
1043
1185
279
39
410
106
353
337
679
1262
273
1019
709
891
20
173
146
991
929
34
86
205
635
619
1217
1086
1246
425
826
943
1289
182
1269
1135
777
1239
980
899
1229
110
1267
676
707
169
941
933
879
988
953
990
263
152
428
552
317
202
93
785
668
845
299
880
620
875
587
1266
905
504
1054
181
708
1287
1214
1133
441
58
932
1120
311
1127
57
936
257
1089
858
593
743
1001
482
872
400
813
750
1191
560
260
40
852
1146
614
458
585
1061
417
1098
1293
440
112
218
1096
964
1084
179
452
230
516
862
1263
1042
1024
1144
1292
606
1271
405
224
706
1108
1067
892
484
662
1095
1111
266
573
599
186
115
1063
1193
1038
372
472
896
404
842
85
1208
45
666
1215
327
65
15
433
395
536
558
795
178
532
125
213
403
1284
794
751
918
1157
1018
1015
993
526
1099
541
1122
760
195
1114
223
586
561
1240
89
229
1230
784
796
746
459
674
655
380
815
1107
527
1201
563
725
416
546
413
1274
30
1189
97
1195
538
764
735
700
1023
1050
507
917
729
100
37
1166
366
253
1113
341
548
597
617
1238
1154
999
236
249
1228
636
56
1252
861
132
1160
60
651
285
483
330
1148
838
319
0
756
338
196
1254
87
646
27
398
944
1161
369
36
294
804
951
602
28
13
1190
189
7
339
557
1253
821
669
590
992
283
1065
267
634
1022
5
816
52
1198
206
407
31
902
360
290
383
460
906
779
293
817
1
461
226
968
1055
242
1242
176
1026
524
422
183
252
153
738
1165
812
41
963
749
867
76
568
688
714
1275
1225
511
149
829
871
591
501
444
12
850
1227
1218
492
418
1068
478
952
1008
747
803
73
147
673
474
199
644
432
604
767
497
401
1291
104
759
1251
975
415
1243
1150
72
1000
212
363
1182
188
681
727
334
142
1029
962
1121
1212
731
333
1200
1207
1031
920
1180
446
477
1071
822
1091
1058
292
1080
947
119
671
705
814
661
465
18
99
469
859
335
1149
1260
1206
63
642
67
326
1109
276
209
304
384
1187
254
799
505
1028
1083
878
883
979
64
810
207
1006
1178
860
1296
1158
161
748
1033
467
262
1079
1069
126
163
4
864
580
1097
245
151
172
849
349
512
1299
525
222
155
1226
652
1035
324
961
103
197
1066
547
628
1277
17
281
886
1184
853
35
228
513
752
436
531
22
1186
107
154
1082
745
77
289
94
75
1126
466
613
611
594
564
55
1162
448
25
246
690
537
210
78
61
1241
1051
82
739
318
1092
680
70
111
605
296
802
692
978
368
170
695
984
216
807
732
457
806
1012
1237
726
495
1270
904
83
697
66
509
1294
1261
371
856
931
68
81
521
208
238
302
656
162
641
235
9
818
654
790
712
638
766
956
914
184
1009
885
1285
381
364
889
144
843
386
256
323
627
1173
43
1087
450
314
447
240
1220
678
51
71
566
313
1119
137
522
1224
1176
809
270
940
1005
828
389
101
342
1174
122
1236
1016
1216
225
220
830
508
54
1202
374
427
543
1245
158
355
1044
449
1139
1181
969
685
98
258
827
139
622
966
1112
653
393
1199
350
227
897
84
520
1303
733
128
841
1222
268
1211
925
1213
582
1037
382
675
950
454
1138
663
21
1247
603
800
343
1136
19
1168
1204
996
79
737
684
615
1273
430
1077
1118
1101
33
693
14
498
955
626
1093
717
92
855
160
261
719
954
90
1304
316
351
116
1188
1280
510
935
866
1172
659
1256
321
1282
1183
1171
231
370
456
434
367
782
930
612
701
74
109
150
1021
47
763
1301
665
358
274
798
282
120
874
581
629
1255
650
742
1085
945
965
550
847
1283
1203
608
854
551
1132
741
485
657
908
1142
190
776
1232
1014
1151
168
769
913
135
1078
775
1056
577
250
808
62
53
95
412
971
1100
618
839
373
691
1257
1175
1194
1090
702
569
736
1046
1137
545
391
699
1025
392
91
1117
1170
716
549
900
354
884
1141
1152
347
348
1231
1034
96
127
451
376
786
901
562
241
683
1156
773
1235
919
80
870
1234
643
1145
388
982
166
118
924
375
129
734
204
346
939
926
1081
411
138
141
715
793
595
1017
117
515
402
493
928
1076
863
198
470
1288
592
365
893
658
677
877
239
686
755
761
1057
768
876
1290
503
194
113
823
1007
385
783
140
233
201
88
308
601
609
114
1003
191
762
442
539
284
934
307
922
156
419
967
468
387
1002
788
909
835
544
232
352
621
534
765
414
164
305
1197
833
1279
192
921
528
831
1041
438
251
857
887
397
1276
362
1105
286
565
1004
647
942
1281
556
840
576
1167
648
309
489
981
1179
805
1163
797
584
29
533
667
977
972
464
1209
937
288
10
180
801
778
159
69
639
894
825
237
243
890
873
957
787
217
443
136
306
175
435
660
780
1169
898
1010
340
1064
1295
1250
687
1258
535
359
297
211
357
44
958
711
133
272
280
1272
670
476
623
423
471
390
165
193
630
744
488
1052
421
574
848
463
820
1036
1233
791
221
265
11
1124
698
554
998
959
426
409
1297
579
689
649
1040
1155
911
48
16
1153
8
1164
1125
1102
1116
572
269
26
1094
645
1088
997
1047
819
637
259
1049
46
631
131
1192
694
167
672
50
379
234
214
882
328
453
1265
378
772
625
555
174
540
275
502
632
439
995
910
530
575
624
396
473
740
610
124
1159
938
754
903
336
121
203
