111
374
69
183
1226
617
690
240
59
482
349
330
214
391
930
834
1075
121
1271
312
1186
734
942
34
894
52
1105
1217
184
1064
728
1030
613
147
472
957
1039
284
17
683
590
525
84
864
1293
211
1078
1101
333
301
148
29
448
1283
1176
20
423
311
236
555
127
497
651
1246
248
353
373
153
1264
697
461
752
144
620
1051
43
1013
103
468
1184
135
847
181
904
916
1299
1171
12
308
292
417
715
303
441
502
781
1295
322
558
220
80
701
1141
124
632
1254
517
166
180
155
137
569
1045
1036
798
744
434
146
313
1133
320
755
203
1232
117
717
561
767
1017
1007
1155
406
958
1255
1289
1108
256
730
1090
1076
429
881
874
1149
1031
1200
704
207
129
953
703
425
1275
174
241
513
351
545
402
113
244
61
1079
1243
405
88
652
814
409
1012
580
1175
447
648
911
1092
598
691
1043
492
498
677
1111
786
339
1124
165
671
267
209
733
1166
250
902
9
101
657
1228
152
794
818
407
955
705
481
644
806
808
356
622
1089
316
277
1252
15
151
915
307
714
1191
1148
629
179
359
82
204
1104
2
1134
1087
1172
464
630
1119
610
388
206
811
1072
1041
1132
1278
702
813
532
937
395
8
974
142
1284
850
410
500
21
501
832
536
451
114
419
1020
1303
819
1209
883
97
585
1005
83
840
759
266
602
427
281
1048
381
853
444
314
646
1237
432
1143
1152
848
453
661
1215
757
1158
22
1238
764
270
19
346
310
830
456
804
131
612
1197
670
1181
176
100
418
938
382
41
856
1144
1139
908
987
1099
571
350
338
1251
572
901
1198
996
133
718
177
1103
189
1216
763
274
476
383
376
1177
706
1122
968
1147
731
347
735
157
578
836
380
574
276
784
1168
619
293
967
1008
523
32
660
74
522
299
452
1291
1112
1081
185
62
1249
1162
952
331
516
1277
1165
720
94
631
325
760
24
505
807
160
898
688
604
421
535
567
1214
910
436
972
552
35
679
162
403
25
298
564
636
46
272
905
439
990
1063
846
565
489
218
541
169
1102
75
1084
537
264
45
554
357
329
899
150
920
3
122
816
212
237
430
530
1213
340
656
42
288
985
1142
306
1118
400
654
543
551
126
835
971
503
876
397
900
611
164
681
1093
259
643
1061
223
1156
672
6
626
732
666
1056
841
128
1018
925
892
685
893
960
821
1265
178
509
511
232
540
440
370
1117
27
891
251
271
860
909
23
556
344
431
986
548
647
723
978
595
233
504
1026
1250
491
779
279
104
1055
921
141
457
123
738
729
1189
411
0
524
642
246
913
812
289
109
297
919
170
58
387
99
849
906
213
65
742
885
1014
321
107
1205
533
740
568
327
262
659
777
175
621
323
1068
993
1113
927
748
375
1115
989
940
1286
658
1207
273
934
1027
591
584
663
470
924
257
136
1199
1024
412
79
963
1065
882
1137
1260
618
315
686
597
1231
928
125
645
372
1281
173
1261
1300
1188
736
120
1244
799
1110
828
10
788
194
790
1239
1033
1006
187
1125
1114
1182
1202
935
549
70
879
1127
628
86
469
336
1180
1037
134
696
295
13
1091
839
922
995
772
951
48
1106
216
890
983
1032
483
546
1129
487
200
608
710
768
1028
422
56
384
71
1235
163
1167
826
606
858
954
961
171
1058
692
593
1029
665
1053
379
30
1015
682
956
496
1025
976
778
650
637
616
708
57
787
168
368
880
649
188
897
1070
1236
1256
997
824
172
914
92
994
242
459
1002
112
1187
753
154
319
1185
743
507
1116
95
499
309
115
895
348
528
300
1136
190
328
1046
1206
1183
1257
627
39
1003
1201
859
486
1263
18
1123
737
1161
1088
87
579
531
1059
863
490
473
345
918
318
973
1218
73
903
1010
815
1128
1073
437
765
596
1301
365
72
1138
641
805
707
283
415
792
931
1222
508
675
923
296
449
941
394
678
1269
51
1120
261
50
600
1066
1288
1067
1146
208
797
862
198
982
265
304
404
96
889
193
342
933
869
1145
1227
1173
78
369
385
965
47
138
827
775
725
981
605
1060
158
802
817
539
1131
202
726
454
420
825
694
224
5
219
515
719
118
116
1019
1082
110
975
1035
364
1044
33
68
1273
1192
443
810
231
221
984
980
1268
1016
888
1170
1274
426
638
392
534
512
932
566
371
581
823
197
635
495
76
998
829
949
721
260
868
633
367
161
477
625
1203
90
809
378
239
1272
623
739
544
85
1140
67
1178
446
896
49
1253
838
1259
861
1174
354
615
1021
587
366
156
1240
589
1151
305
53
943
769
866
1109
1179
363
77
801
722
594
999
1130
800
529
783
1042
108
547
1150
55
582
1163
217
577
1195
747
1047
1095
106
1086
275
458
393
227
795
727
693
520
844
867
1057
526
335
929
234
1154
887
886
433
1279
243
199
63
1
54
1223
1169
1221
724
1304
583
1004
285
948
424
1054
1100
1038
105
599
991
639
917
843
766
762
992
1193
290
287
716
488
294
527
746
865
640
263
557
282
1302
334
878
1234
352
247
592
877
774
831
1023
210
1080
139
1194
664
386
119
280
563
560
343
377
789
44
945
822
205
494
91
98
698
1022
145
38
1276
959
871
1212
676
130
700
229
222
337
634
249
1083
1160
1190
484
926
1071
741
31
230
944
601
462
793
1210
614
668
820
1280
761
519
485
102
37
603
225
445
140
803
1247
609
302
463
785
977
191
962
143
506
550
1225
1000
390
966
745
1290
1266
149
946
1245
870
562
196
269
1049
467
833
749
201
576
1211
317
192
245
438
465
228
414
712
1241
1153
93
226
950
510
258
408
278
167
1262
442
28
586
662
159
837
474
252
195
750
655
770
253
855
518
268
713
471
36
358
1098
669
238
26
1077
466
1248
1208
64
355
326
1159
884
455
907
1294
254
947
60
480
689
1298
450
854
851
1287
842
1204
791
1196
324
1121
11
1001
875
1267
667
709
873
478
542
1096
573
16
81
182
939
754
970
7
235
1094
398
1034
1126
1282
399
773
852
1292
553
416
1011
687
435
673
1230
1157
1296
132
1052
255
588
401
460
780
845
575
291
1062
66
680
475
521
570
1233
1242
1224
776
1297
428
514
1270
1074
1069
1097
89
936
1009
857
695
186
361
782
360
699
988
1164
1085
674
1219
1135
1220
653
771
758
1040
4
979
332
413
964
624
538
341
40
756
1107
559
1050
711
912
389
796
396
215
607
362
479
1258
684
751
872
14
493
1285
1229
969
286
