726
1182
671
355
1154
424
256
420
85
1155
436
413
121
77
1007
868
1301
1236
362
1229
101
1126
1285
72
143
94
826
443
523
1257
675
901
107
1059
921
973
875
375
12
828
427
545
1083
1161
1120
588
409
840
1280
261
1289
267
860
208
987
629
68
498
138
689
379
1001
113
978
429
455
720
586
1287
245
517
189
621
734
405
334
881
1008
1031
1212
651
133
1217
180
1176
162
360
444
634
1273
966
990
141
1027
508
1137
863
1063
238
827
753
686
1250
587
312
1239
7
156
1247
148
1036
739
425
393
69
1288
688
333
955
320
1095
1293
471
852
15
802
616
214
856
938
858
1022
332
246
1279
1238
996
41
463
728
541
954
1200
230
62
32
385
449
126
984
440
88
789
264
479
64
108
187
161
618
599
402
80
1294
1030
478
150
1276
699
1179
750
353
682
1290
195
89
627
1080
663
190
251
174
34
838
857
642
880
105
757
884
404
928
415
542
903
694
729
809
1088
805
220
992
1006
16
657
751
791
552
446
553
92
242
511
677
704
859
269
703
786
1171
667
58
40
515
236
472
497
927
999
1252
781
239
762
263
1105
241
418
604
229
391
1090
1245
808
1299
275
732
505
979
1157
315
37
559
939
771
376
485
916
814
339
797
716
183
423
846
491
776
1177
719
337
1043
1172
965
1108
1190
112
295
210
349
507
564
673
560
1246
911
1240
313
212
53
202
1237
79
281
416
262
374
326
1067
1049
50
640
1277
1106
563
754
1150
302
795
1193
1244
23
1267
589
1012
513
792
925
760
99
861
571
935
1097
329
1033
1272
283
185
351
612
327
836
782
1156
35
1243
888
258
759
160
175
102
130
1119
504
605
286
300
637
1233
369
124
512
417
171
134
687
2
915
765
1241
1205
1075
1259
1134
591
1118
1098
288
551
744
696
940
654
341
1072
1041
658
279
122
932
55
913
645
1128
693
844
874
1094
1023
896
354
1039
800
211
855
257
164
1303
730
247
98
1164
419
364
690
679
1082
481
193
468
1235
951
192
982
367
851
219
668
1254
684
609
322
95
244
492
348
1146
557
1034
172
292
937
1242
8
1232
338
48
127
6
643
582
975
822
435
601
615
347
1111
249
93
811
741
131
66
1074
914
1055
1093
110
636
725
52
910
993
623
869
13
799
495
534
832
1191
1214
994
421
794
1015
1270
91
461
1141
223
18
1175
825
401
81
980
398
529
540
265
895
181
1107
65
154
723
706
503
950
43
662
184
9
565
524
506
168
254
1203
1144
1024
521
132
5
882
1264
745
1115
1077
909
268
976
514
301
36
361
1153
871
1136
145
692
981
14
647
628
227
306
276
1003
129
1274
51
815
1045
370
664
115
958
191
594
31
1265
764
1009
412
270
930
1102
885
1010
499
151
839
756
452
831
422
783
1180
24
169
1170
579
406
701
368
280
866
899
1225
1255
176
1123
738
865
537
123
798
1213
1208
1026
833
165
259
494
942
680
952
1295
20
1249
1060
632
1014
1282
67
889
683
717
1025
100
469
1091
755
1021
1194
893
777
111
26
158
1298
926
854
709
1304
196
1251
1117
430
266
770
1029
835
1004
546
774
971
33
1262
779
318
274
290
1079
849
1189
787
457
527
956
1291
146
796
592
1005
11
1020
372
1186
1066
600
758
1278
399
712
873
163
598
460
1204
731
904
411
194
346
1002
674
291
56
606
572
1046
310
641
252
483
1071
477
1085
603
1223
228
470
1261
1000
670
408
790
486
1050
1192
4
1125
1292
1143
1058
250
407
584
22
847
1038
294
74
1138
323
964
319
28
619
207
1129
1104
173
944
669
1219
577
1089
60
613
1035
359
311
453
742
818
630
727
314
234
217
188
574
697
442
308
1196
397
608
282
1112
722
543
155
1168
345
106
991
1224
450
272
1124
1185
566
1099
480
1013
1016
340
271
316
25
473
820
555
803
567
920
655
902
544
501
556
949
1281
562
136
1187
648
70
243
1253
277
989
30
432
373
676
988
309
488
912
1148
533
178
890
394
626
834
1017
1284
784
1028
602
116
1114
1140
933
1256
747
358
539
42
1215
298
660
510
886
0
635
772
614
1142
769
1198
1263
1037
695
1268
934
206
714
1073
1101
447
1173
736
1275
197
448
575
986
331
335
170
462
967
943
82
590
768
157
104
1160
59
293
678
733
761
222
1188
685
382
1047
363
216
493
624
304
656
1201
1228
907
819
386
724
240
554
900
698
224
941
1234
531
666
248
1202
568
139
518
45
1283
10
842
44
1145
61
87
317
830
142
356
140
595
1040
748
233
1070
199
1056
366
396
1062
1218
526
817
1139
221
785
946
1122
152
153
128
84
547
1087
49
78
1078
441
1149
159
520
278
810
474
201
1184
285
746
1081
1132
97
209
384
960
144
433
1151
735
1226
841
829
961
232
29
289
1018
125
371
1296
1110
672
918
137
1221
46
1216
1100
357
639
872
1178
970
179
451
974
487
490
456
1248
465
299
284
1167
459
1044
653
17
812
410
414
923
883
821
1
969
1130
959
538
343
877
383
342
908
1199
843
962
705
1300
205
931
1096
659
387
114
147
476
1092
948
344
1069
1163
273
957
708
1057
255
788
204
549
76
392
225
570
27
1297
365
924
806
1103
1206
878
307
1162
804
1197
862
596
400
740
977
997
548
968
850
437
1211
1113
578
38
864
710
681
378
700
73
1054
213
536
897
597
186
118
652
1302
54
644
773
631
218
3
305
1032
929
767
625
995
428
475
330
593
1166
1135
296
1227
516
1169
260
149
550
702
439
287
1286
166
321
622
1048
569
1174
610
721
1019
1183
21
1269
1220
1222
454
813
1042
894
467
1258
388
1152
482
778
235
1121
96
718
848
109
120
611
906
1061
620
646
887
917
532
581
403
496
867
633
1147
489
1051
775
983
1133
63
617
936
763
585
707
919
892
350
119
466
1131
801
743
1086
898
824
1116
445
1271
325
607
71
650
500
135
395
853
1159
83
1064
1065
638
103
1011
1158
519
823
1165
389
737
1209
1076
1052
879
75
57
891
947
328
953
19
525
711
390
434
713
484
377
1195
1230
438
1266
691
558
528
972
352
583
198
458
749
780
522
381
963
1109
998
336
380
985
1260
1207
845
715
561
1127
1068
464
661
231
573
837
905
215
580
1210
649
1181
297
576
502
182
237
86
807
1084
870
530
324
793
766
876
945
752
922
200
47
816
535
303
117
226
665
90
1053
253
177
509
1231
203
426
431
167
39
