666
951
748
683
568
936
312
1159
1241
697
258
241
821
1031
620
1269
1161
1050
477
560
966
745
145
1106
152
494
1039
864
1017
350
117
27
1125
481
126
723
470
527
741
99
9
298
826
240
228
1103
738
843
1011
419
719
135
300
231
32
952
664
172
1142
43
1038
1052
564
574
280
209
197
143
1082
979
434
991
805
293
731
776
170
178
923
82
1129
130
563
95
1238
1094
648
516
90
665
863
92
692
771
757
238
974
637
454
355
349
635
1296
874
803
128
268
963
744
662
490
841
193
585
306
587
592
942
699
491
1100
653
165
497
1026
188
426
546
223
676
53
1188
1027
45
317
1120
555
621
921
530
482
710
1089
994
325
281
790
626
531
1117
404
1183
107
978
1095
553
1087
476
286
464
1207
912
37
417
125
23
806
137
1180
1224
358
927
163
22
1158
850
519
263
1060
447
1210
55
134
262
670
458
393
1061
610
474
686
625
918
684
691
1293
16
532
596
406
920
602
1144
1239
457
714
1043
854
305
1137
891
282
764
709
324
87
1091
852
174
160
313
1070
1032
798
1034
580
469
1197
877
832
1189
935
472
1013
887
718
767
1054
999
425
916
1133
514
989
608
123
1028
1227
28
446
36
318
1251
888
1285
1119
303
950
221
385
50
389
603
541
252
595
814
944
913
1244
235
619
401
925
485
1258
1012
780
8
301
656
507
678
176
1203
802
1276
266
271
206
237
1286
758
526
250
1302
668
1212
40
376
467
982
586
914
381
79
768
1301
1259
654
63
142
1064
899
429
215
502
1173
292
368
177
180
844
505
333
101
853
663
173
754
829
2
707
992
212
359
638
1088
74
315
523
839
1232
627
479
335
390
919
990
367
736
3
545
1216
1081
509
378
878
418
606
307
98
328
924
865
190
539
1162
412
67
1006
120
468
361
77
1295
594
884
189
1
331
953
858
671
1193
680
869
127
972
270
496
796
1023
572
277
91
341
1121
500
838
267
1179
422
1195
323
26
278
1178
929
428
257
749
807
947
1029
535
644
433
444
508
520
208
1181
583
395
124
1266
372
584
512
1234
62
30
132
1041
111
1283
895
575
442
1010
402
224
260
772
554
14
970
607
213
855
88
528
391
1084
1066
612
1250
39
785
337
985
344
987
492
354
236
1059
146
804
462
960
1291
204
144
882
102
1130
733
897
1215
339
1245
543
192
382
1198
362
559
1016
261
630
735
216
781
214
105
737
157
1297
486
934
976
1149
245
969
906
685
588
613
413
1217
1156
1255
15
119
0
247
521
194
937
226
59
789
493
981
1098
327
139
642
1303
823
892
140
1292
967
10
423
421
851
711
1112
537
703
1300
291
471
562
868
64
977
1169
1280
71
1097
1042
617
480
688
975
766
1104
141
965
169
199
210
227
183
1157
487
787
679
1134
696
473
1024
1231
930
690
396
875
598
556
752
615
700
233
872
296
713
1267
1290
501
4
566
698
822
885
747
1262
207
451
636
272
243
484
1277
1090
380
834
1168
576
715
1219
730
538
424
792
881
819
109
831
495
600
1108
788
890
755
364
639
1206
1145
820
326
1053
1298
1155
651
11
1166
437
461
1254
1235
706
708
847
179
353
321
629
69
416
522
1047
1248
903
310
1131
616
387
582
274
20
667
1003
196
1182
905
659
1282
628
622
168
898
198
949
279
581
186
958
705
1062
909
896
246
1223
1078
800
1009
357
1228
962
34
445
225
650
867
1005
1230
835
724
47
25
879
175
1192
370
1093
309
1221
558
765
846
544
1299
573
933
122
1174
431
534
883
314
1076
717
1185
96
453
438
569
1127
1083
498
893
297
1045
840
793
547
633
48
922
910
524
940
1036
614
849
1242
589
443
928
816
138
801
964
58
452
51
746
1236
948
1069
513
775
889
218
518
1143
12
1247
591
254
1002
561
1211
824
108
1096
156
857
701
810
148
818
1141
876
149
408
751
704
1046
611
511
334
1115
624
21
68
1092
1272
330
673
1263
510
645
93
348
316
72
1201
652
1275
549
31
756
75
449
1153
136
740
828
1152
24
791
320
1071
1022
783
812
894
815
674
121
410
1037
830
998
983
164
1040
836
1289
1020
862
694
229
946
465
182
773
70
265
222
1274
761
283
1187
1111
1172
371
1209
161
1270
649
5
907
743
332
1056
996
430
557
548
1160
104
1202
795
386
1218
159
901
968
1128
873
726
609
57
1109
1151
1175
1116
427
249
1147
41
366
669
113
1067
1113
150
322
842
601
1101
276
81
1205
1140
597
1008
995
720
729
85
1025
273
166
478
217
1000
641
643
379
604
943
902
1123
732
1139
191
859
1253
232
779
980
154
721
110
1288
931
80
646
6
1246
618
515
506
351
60
542
242
44
817
1074
870
115
1021
1256
570
1287
118
201
352
1186
1304
786
1148
1279
73
435
290
1237
984
759
763
1233
861
1073
450
1164
18
288
677
825
1068
1184
955
536
13
778
540
1284
837
1110
750
634
459
499
403
1114
578
702
392
38
917
269
1004
1165
151
1229
1225
658
1051
657
640
407
374
503
455
1252
1257
689
954
971
973
997
1124
65
311
308
590
687
1019
794
1194
1049
1085
813
799
116
845
1063
1208
938
856
904
599
1099
398
734
295
195
211
397
205
833
1268
986
695
725
1226
400
360
17
97
605
871
287
94
647
1213
504
256
131
1126
727
1177
294
956
1273
49
811
945
441
46
1281
162
200
1271
1014
289
1278
941
187
29
577
347
304
770
89
432
567
405
911
827
1057
1035
100
475
19
129
78
1080
147
797
1240
1055
860
1077
76
774
219
660
579
394
244
436
373
593
550
1086
377
926
1030
517
414
463
489
1107
388
1105
1204
1065
571
319
716
103
753
915
7
439
488
631
1171
275
1018
1200
739
1294
84
1135
959
239
661
83
1015
153
346
1243
808
340
1146
184
632
415
1191
399
369
932
52
672
533
343
342
908
769
886
251
777
284
171
693
993
345
988
1265
42
1102
760
56
365
782
440
880
1163
961
181
1075
1199
655
106
1249
1007
1072
525
1222
1138
363
1118
302
1044
1058
1196
133
285
1033
158
675
112
253
234
448
338
1001
809
762
356
255
460
722
383
784
1264
1079
742
1220
466
299
230
384
329
529
259
957
1122
681
456
1190
1176
86
552
420
167
1261
939
66
623
1167
1136
866
185
1214
1260
248
54
203
411
1048
551
33
712
1150
375
848
483
728
1132
900
565
1170
155
35
336
61
202
682
409
114
264
220
1154
