882
293
1076
664
164
161
1092
1269
1232
379
1244
979
178
769
1110
534
552
1242
214
650
50
1271
1272
730
529
327
1112
1089
432
1221
404
710
788
611
572
127
598
896
1096
535
563
542
116
418
533
273
848
1081
1218
1085
575
508
1111
49
95
291
452
870
464
585
360
1043
307
1282
824
29
426
765
344
771
1054
672
131
1017
496
620
1260
179
974
1194
648
341
1039
755
1210
867
887
1191
15
1202
434
1136
85
1071
509
1115
374
622
255
1257
571
206
1155
835
436
1091
747
947
637
955
98
846
118
1279
802
86
804
967
834
328
971
420
1034
1197
800
1037
735
381
326
587
299
919
841
129
1036
170
554
810
345
718
187
477
1270
736
675
199
444
382
67
1134
119
71
1293
343
275
616
737
854
152
589
729
388
658
776
59
1124
340
980
176
787
982
269
957
1209
752
57
1205
201
646
218
990
874
580
1171
956
1047
58
190
189
909
1018
750
794
13
1190
89
1067
839
120
309
317
822
1103
447
499
884
1102
515
1007
763
467
258
243
97
855
942
107
617
1228
316
227
847
934
1
1060
673
288
1299
568
864
47
202
137
581
66
466
1106
92
1147
576
924
1095
926
17
570
268
684
564
462
166
265
248
546
1143
396
1064
1050
423
339
285
1009
543
281
45
376
1061
371
832
274
1165
1182
484
264
296
1164
34
778
440
1121
1029
1236
851
42
1273
430
454
427
1087
873
911
461
429
502
1040
494
928
93
1137
135
31
1016
632
766
862
1223
478
1099
338
177
567
945
410
412
1154
837
779
960
9
707
981
175
1122
11
807
721
799
774
743
723
1041
1028
1237
831
84
739
1249
1188
768
639
531
159
588
805
373
696
950
146
498
875
528
198
1072
487
251
888
402
1001
1212
933
681
902
94
785
433
28
1294
211
996
1065
1225
158
1129
133
162
348
481
234
445
169
230
110
91
63
1098
1055
414
4
168
578
728
806
506
992
425
1132
366
1127
1086
795
207
1240
627
930
79
917
192
256
1254
368
385
1059
1277
720
608
653
336
1296
292
22
688
82
239
180
676
242
507
19
1146
134
389
106
1113
450
803
18
828
346
1082
104
634
1172
232
827
375
1295
757
577
878
929
284
1046
754
391
451
1189
315
372
518
1275
51
384
113
915
87
276
469
383
363
21
195
719
697
1304
693
128
522
555
1149
145
1289
716
1048
714
1104
278
1066
458
68
621
367
395
387
833
117
657
1079
419
1033
468
417
212
54
523
651
625
122
188
1283
1251
591
1160
559
973
205
1178
1234
441
181
260
548
669
704
793
253
3
1250
574
81
184
136
1073
635
1215
748
1051
1019
424
662
262
590
638
995
775
868
1080
380
1302
1229
1116
25
370
304
903
551
925
820
1248
311
1105
927
334
845
781
904
983
252
525
1021
931
539
1280
741
860
7
526
111
386
463
76
826
101
428
295
228
772
691
1126
238
353
1211
75
297
483
302
712
306
1053
969
510
702
215
671
439
64
308
74
922
1193
975
125
1025
656
489
1056
1243
479
217
1288
970
289
233
216
951
605
1176
556
1185
1074
821
959
1175
786
413
342
856
808
226
1026
603
512
324
1274
666
362
1022
320
708
1131
1290
519
90
1207
540
530
485
906
1135
560
38
628
893
524
203
1203
5
789
626
112
521
844
1062
561
849
221
35
705
139
1142
20
582
891
1144
859
1287
1069
1012
1238
1008
1266
332
726
1301
83
565
659
470
1032
1255
103
1224
504
1077
987
923
901
1284
742
1010
460
409
359
1298
547
594
819
678
208
1206
796
1117
814
746
1204
1107
994
940
305
213
272
1258
886
1170
1027
1151
1156
1263
1058
443
61
1125
1192
32
349
962
1097
1128
1014
36
1167
907
731
1002
394
938
33
1153
661
1179
944
492
985
140
631
480
1011
488
1030
624
880
459
1020
30
680
482
148
601
885
1141
968
108
335
818
784
185
593
977
562
569
706
852
1220
782
1246
358
471
132
121
792
1083
984
1157
1235
174
604
52
151
584
1186
27
257
1303
733
843
1300
123
890
764
1108
323
600
553
390
1163
100
490
964
1005
46
250
271
751
310
397
266
1114
689
1006
422
1267
124
313
618
694
1090
1241
407
623
900
596
674
2
325
879
138
932
749
356
573
8
894
1045
1195
912
171
715
60
48
475
416
1119
69
472
842
953
641
400
612
941
10
224
1038
1084
954
163
760
838
1123
1264
1247
647
761
850
56
780
1063
725
1138
44
241
109
1276
817
235
858
53
405
153
698
282
865
1217
1166
1049
1152
527
918
537
352
191
989
141
744
1261
759
663
722
861
606
442
399
801
12
592
1093
16
797
753
597
196
636
40
222
599
1148
652
364
88
1278
229
895
935
333
1213
713
329
1042
193
511
361
294
513
791
976
997
1174
897
392
210
686
910
538
1292
1291
80
613
1184
668
1130
1162
99
777
369
172
270
236
1094
630
939
1173
549
23
936
1256
1222
41
183
431
393
823
734
583
773
448
699
892
770
783
812
72
219
493
811
247
687
640
853
516
610
756
1259
889
579
319
39
240
200
991
355
829
717
142
536
24
1158
643
1068
501
545
724
607
683
351
655
937
1262
790
1268
966
1075
813
1226
905
798
154
1216
914
711
73
290
473
615
732
541
877
840
1198
514
321
1245
408
1044
1183
1253
223
378
194
312
347
1252
365
913
1297
809
354
920
1139
1000
1100
767
816
1161
259
1231
690
150
745
231
167
220
298
701
876
280
682
670
836
377
1265
1219
1078
237
815
857
204
544
401
667
872
474
619
762
1180
314
165
1168
65
96
998
921
695
566
644
614
685
1145
1199
1120
869
147
495
277
965
709
14
665
322
6
160
331
978
491
1024
1159
261
1281
727
70
337
1177
758
899
586
916
449
267
558
1233
1200
1208
403
1013
1150
300
1004
520
26
476
453
421
654
1109
465
503
700
143
1023
883
946
1052
999
645
186
952
677
679
949
114
398
357
557
182
246
1057
649
173
406
411
286
126
1285
986
1214
609
78
225
209
144
863
1187
455
149
517
318
446
457
1181
244
1140
740
287
692
37
43
197
958
245
633
642
703
157
550
301
77
155
988
55
303
456
437
738
825
898
629
415
1118
1088
881
871
1201
0
486
130
830
1003
1070
1015
660
497
1035
105
254
943
156
102
500
602
438
1227
115
330
1133
1239
948
435
1031
279
1101
908
961
595
350
866
972
993
532
505
1230
1169
1286
963
283
1196
62
263
249
