667
197
1238
1090
302
1107
1272
1117
730
35
611
571
51
787
1173
946
974
785
159
917
175
507
915
1
750
424
687
278
613
512
877
580
453
896
97
348
396
247
1279
770
243
993
634
873
416
164
971
1224
221
248
1282
448
446
1127
1069
1246
498
1267
1294
857
74
173
1003
215
1291
420
43
418
988
1015
992
27
851
1300
695
1095
1240
568
343
137
383
1213
54
739
867
927
784
850
312
676
492
272
145
300
1283
1013
831
1126
322
410
187
662
274
20
1099
863
305
1016
1285
24
564
1114
760
379
1009
1168
299
18
668
652
563
768
987
1231
641
189
206
319
868
560
808
962
886
882
1128
386
922
190
938
269
440
174
991
1199
972
804
268
555
261
1269
134
469
466
304
1133
1094
698
37
38
748
1175
681
931
116
648
735
231
975
1299
745
16
227
1230
1262
233
549
1169
621
966
1187
598
143
1037
708
441
605
511
230
417
449
847
970
771
280
1204
122
1047
781
1303
374
1125
675
585
240
551
458
141
901
202
1223
1118
285
397
298
124
819
510
679
1058
1020
342
1105
911
651
464
476
861
661
395
456
155
897
587
891
188
1201
489
884
952
1194
28
573
1188
350
58
438
531
439
584
119
154
311
220
798
462
1057
620
737
913
361
744
1079
578
1101
635
874
948
624
408
795
906
1147
378
502
653
967
411
773
908
84
39
645
928
803
90
1250
325
918
265
404
105
1160
855
142
1146
907
595
980
848
711
1084
880
60
1195
1049
460
1239
153
1028
201
6
820
859
295
529
802
382
1265
250
1002
388
872
517
835
109
824
1177
1150
436
654
1076
925
267
17
518
1121
592
976
1043
583
829
1170
812
254
892
50
731
352
66
128
347
1254
140
459
881
528
376
111
844
96
203
23
327
70
345
553
277
538
1167
1138
960
76
524
556
772
487
717
184
1036
21
606
336
871
712
19
1171
64
800
1182
217
30
797
924
961
329
484
764
431
53
570
86
1180
631
777
257
1211
192
995
1116
815
437
494
1106
778
934
136
665
590
356
291
521
14
1270
539
726
303
211
1097
790
387
734
1091
1123
1139
1190
1017
1012
1044
1203
602
1068
223
926
390
87
1185
1144
244
194
718
1288
985
536
1153
245
339
1103
172
199
632
283
660
1156
1248
306
470
135
762
921
1077
381
315
550
557
1271
677
47
360
235
251
779
324
1092
63
89
364
2
1122
78
349
869
185
191
182
1022
146
1206
167
369
4
444
67
113
330
156
939
126
780
947
157
794
986
7
461
670
259
865
8
546
13
1154
707
941
193
29
609
400
685
115
169
904
377
118
501
1256
997
964
393
710
705
1253
702
704
751
816
691
289
218
1301
493
101
508
497
1027
133
728
478
264
338
949
693
973
893
1212
1284
944
412
216
313
282
569
296
1134
1083
671
290
1281
519
1051
1152
209
1242
482
1050
1237
888
1165
1025
1085
3
353
160
196
362
176
1130
1210
909
783
738
940
256
809
647
225
515
249
574
612
1192
989
346
238
756
1222
314
706
1136
428
957
663
572
355
252
1059
581
1041
697
368
688
316
817
106
633
1011
1086
689
622
1280
409
827
990
905
1109
562
796
870
413
200
1228
852
42
1024
1181
864
56
363
655
495
120
846
1243
1019
358
1157
618
1236
499
842
630
565
627
1208
500
953
445
746
429
1252
301
567
1249
1293
224
1155
117
112
603
1061
241
1197
1216
332
1289
866
801
725
684
1233
1217
110
753
488
826
1215
615
1098
929
747
714
55
534
729
552
81
977
1176
607
876
806
1245
900
263
22
1023
951
1089
1229
36
71
782
99
604
733
1115
253
1209
885
168
398
793
1119
82
608
956
1135
103
532
1164
427
978
902
323
1088
72
1005
44
699
75
34
1145
139
1006
402
628
1035
994
328
822
150
297
1132
788
1304
1112
183
1220
1001
104
279
1000
1198
384
878
1055
179
758
204
759
1007
45
1268
719
914
943
1214
649
1073
41
1048
309
1078
576
161
1054
31
503
292
1275
526
151
1189
537
680
471
208
434
937
391
270
232
12
237
422
114
165
823
100
475
720
716
527
226
1148
860
776
91
1298
180
810
903
426
59
513
1075
843
862
1045
811
442
1200
1226
840
171
207
1039
1131
1179
158
749
1296
833
672
166
93
287
366
979
394
761
1290
942
406
392
623
294
69
26
496
433
1065
1033
504
828
619
365
1080
849
1292
727
614
10
837
1096
148
601
1046
88
1032
589
214
690
1221
799
757
845
775
547
894
1258
955
454
774
1183
883
229
696
1062
419
1070
1172
479
1034
430
399
371
932
1066
307
123
566
1082
836
147
769
520
354
765
432
401
83
958
0
723
1260
367
107
1259
186
403
1124
1081
239
32
740
1026
1276
236
344
5
533
40
1111
1093
423
643
1274
916
1227
62
102
544
709
586
839
1151
638
491
121
1060
1014
359
68
1295
1178
337
340
736
683
742
210
1038
1004
1255
636
1008
1219
1207
260
485
389
640
213
1196
286
177
678
1241
425
414
73
1140
284
887
293
821
669
1110
577
1234
982
1056
195
579
77
1042
559
935
222
1031
281
450
405
92
463
152
1273
1286
530
561
94
1174
318
766
1102
472
1263
968
351
95
474
1166
1120
692
447
984
331
1161
415
1184
522
162
535
700
9
983
659
600
933
594
838
1302
435
1278
701
1030
657
1257
629
129
443
288
1018
1261
950
525
372
617
910
127
477
258
1021
686
626
1142
108
1143
170
694
1235
163
969
1297
541
644
455
999
642
1072
1067
889
65
228
548
998
582
673
1266
754
271
457
875
1202
1040
715
273
1158
452
219
80
807
509
818
1205
650
266
1052
467
588
543
1264
130
767
545
465
1162
11
317
212
1277
540
275
468
98
542
599
473
255
234
786
558
15
853
743
954
732
920
407
1149
792
791
858
1029
703
1141
898
854
246
763
421
666
46
57
380
505
741
1191
597
85
813
138
832
963
523
276
616
1247
481
789
591
1186
713
936
996
357
1104
945
554
1232
646
262
198
721
981
1087
33
516
593
895
48
625
483
1251
308
506
1071
131
890
181
25
658
596
334
320
674
637
205
923
664
1100
49
825
610
490
959
965
486
1193
724
1010
722
375
1108
834
1244
575
310
830
682
755
125
370
144
335
856
879
1163
1287
132
321
52
656
752
919
639
1137
1159
1074
79
1129
841
451
373
1063
930
1113
149
1064
242
1225
899
61
341
1053
480
326
333
814
1218
514
178
805
385
912
