1197
169
605
499
841
487
28
863
1131
880
147
1033
1222
831
1255
178
1152
233
363
942
541
802
16
1237
769
257
1299
31
530
484
899
82
745
865
343
1293
437
112
129
20
1193
797
198
1217
988
842
1118
1134
789
1213
637
240
1233
348
664
247
774
665
248
824
652
624
278
708
245
995
1144
935
998
128
1009
947
262
1080
979
417
676
906
725
1087
1263
168
394
803
274
464
804
595
864
608
143
618
1108
700
436
337
744
1267
1018
1271
166
429
479
948
940
1154
1168
817
702
1156
696
1008
798
1041
1220
351
141
99
1127
1290
580
1232
422
1090
1256
425
1030
598
179
439
373
759
732
1117
334
646
562
117
55
837
219
1022
127
273
614
1206
917
411
528
1023
384
563
163
130
309
871
399
555
1105
593
30
444
791
1194
1145
821
1190
221
199
739
897
114
465
238
0
180
268
1176
521
446
840
1266
603
263
701
435
1097
6
463
1180
1247
1063
355
659
7
1223
285
1287
734
192
932
934
1188
1260
184
1274
855
765
402
312
667
645
1253
1239
1002
590
1042
345
276
859
1208
491
1209
1283
586
1284
455
621
1146
485
1011
186
579
1107
918
107
588
353
912
962
88
1109
1219
719
558
1019
561
470
509
712
381
1214
108
522
634
1044
868
1001
591
293
905
40
1248
231
688
793
1119
812
613
980
922
937
714
75
975
80
967
1046
54
901
401
1020
711
468
592
288
1191
269
735
255
1201
84
25
914
177
996
903
604
1184
1076
826
684
596
640
568
1062
41
308
1238
1218
331
13
1072
741
69
808
703
260
261
366
335
945
18
1102
698
395
174
902
1185
780
851
423
359
830
1029
620
126
569
1084
816
1083
375
810
767
207
1034
428
565
1155
504
963
622
306
185
38
1161
23
540
1153
191
78
1298
654
758
1048
929
232
1245
12
228
456
627
878
1032
890
681
520
122
64
43
498
372
1096
299
566
1173
480
887
329
115
997
718
1035
972
861
852
161
985
896
188
156
145
860
843
1276
24
277
187
1250
909
1200
594
814
1093
564
443
307
1281
158
685
159
635
234
728
265
898
338
222
70
1051
3
1270
486
1229
507
1211
17
489
481
1121
318
715
658
612
651
881
1125
317
790
1006
785
1081
923
467
324
58
258
1122
503
927
505
750
1273
738
737
992
1254
264
974
907
376
1143
410
51
1147
53
27
98
1066
388
202
517
450
941
57
853
341
602
493
132
1088
545
200
442
1216
97
629
981
1136
683
15
93
501
1278
1261
1130
472
1272
45
773
697
854
167
310
162
538
519
378
284
194
244
949
1227
71
434
792
305
250
877
418
873
1098
801
1304
740
643
825
92
300
724
68
342
856
1179
271
518
142
920
965
572
1085
849
1269
893
704
471
1082
544
970
862
615
206
1013
757
445
215
237
781
943
413
404
699
1282
547
778
553
225
786
37
582
476
181
976
1078
1231
279
1043
4
657
316
508
364
14
204
35
1158
1186
686
770
59
74
347
5
819
323
968
183
892
131
361
885
9
1242
529
26
495
630
575
794
587
61
723
157
1164
884
119
653
371
672
869
752
369
408
1116
1061
1195
730
554
1124
1259
56
11
928
281
146
956
42
690
256
834
414
607
322
755
349
352
537
986
694
891
813
969
294
944
409
62
1303
392
845
311
1182
1016
1115
1174
513
832
506
229
105
87
1171
977
512
492
218
589
1086
619
542
1203
959
768
751
1003
648
95
946
857
358
397
1235
1148
1265
536
483
916
1157
451
1205
412
1038
224
83
1079
982
713
393
81
556
33
1169
252
910
660
118
1074
866
67
488
135
1289
762
196
1170
525
121
109
1302
1071
1288
1226
1160
175
966
469
327
950
426
120
777
173
123
249
1243
549
705
94
584
239
867
1230
644
431
1234
1040
1067
336
674
788
475
1057
155
453
763
211
301
953
195
365
775
1138
1126
1114
1026
691
32
2
210
729
354
172
876
133
1175
1181
599
346
1089
836
650
304
21
148
815
52
270
638
170
647
649
1292
1167
1050
1004
430
144
1162
280
1163
626
22
1210
749
113
695
847
1058
721
557
461
242
405
494
1045
214
77
296
473
416
438
382
1241
216
100
610
357
253
459
776
427
1264
1177
283
742
236
533
809
182
320
516
160
477
49
655
1228
973
385
153
165
440
482
510
314
1297
559
275
888
771
230
799
138
1258
1275
642
933
220
48
625
339
952
543
389
1111
882
1236
639
709
1296
756
822
292
251
290
102
1091
1129
687
679
76
677
424
760
421
380
1165
1055
1285
151
289
900
535
387
633
1133
908
1166
534
692
419
287
811
60
1262
462
806
663
820
164
152
886
1014
682
374
848
511
527
1106
1244
894
585
1224
106
1025
217
266
939
550
474
846
1103
50
999
1031
139
844
930
551
1202
391
954
313
1028
1199
110
96
1017
783
291
478
515
1240
36
1113
227
66
662
65
805
208
154
1099
1027
303
1141
828
875
601
925
124
63
578
707
1178
870
201
282
924
10
246
447
454
403
1183
1094
91
883
731
1172
839
1015
675
1286
850
1024
628
332
213
176
441
86
134
678
609
1073
693
570
552
140
1070
748
904
1092
733
1110
1095
571
400
209
1036
991
955
872
39
235
600
833
1300
368
764
1012
1100
1049
46
673
432
818
103
1187
1135
838
926
1104
295
617
879
377
641
807
670
111
1301
1151
1280
460
1221
766
957
990
433
1140
241
1120
1279
779
514
531
1215
171
1249
319
315
44
706
1123
889
1069
1212
784
379
960
921
8
1112
1196
524
370
680
984
573
754
149
1295
502
978
671
72
720
1010
1192
136
125
1
1101
398
668
1268
420
1021
325
350
243
34
560
1207
197
736
666
1251
205
987
340
390
496
961
611
212
1294
137
259
1059
911
47
1204
1225
546
915
189
829
116
958
1198
90
1142
497
716
523
254
73
874
548
449
466
539
567
787
710
1047
796
367
457
1149
1291
800
1007
895
490
772
1056
193
383
104
726
226
328
330
951
581
532
743
661
150
994
577
1053
223
636
993
297
360
835
1068
795
286
1077
1159
1257
1065
727
302
1246
526
29
356
1052
1128
616
1037
1039
500
1132
689
321
326
964
983
362
631
386
1137
415
753
1252
1139
574
669
746
79
576
989
1277
448
1064
272
101
583
1054
1189
344
827
1150
203
632
298
597
267
89
19
931
858
919
85
623
406
396
1000
606
190
458
407
782
747
1060
1075
333
452
913
1005
938
722
971
823
656
936
717
761
