280
935
202
906
776
1227
320
310
917
345
1081
325
319
938
1175
761
1135
890
1164
3
341
59
1040
109
613
415
972
200
532
364
1145
4
594
321
1237
590
402
331
145
1283
224
834
1071
921
983
1274
416
846
850
1084
167
198
89
707
785
1284
926
565
588
978
1282
143
123
905
427
1195
1052
141
181
985
1207
1154
840
55
835
627
693
1065
607
516
285
385
90
782
349
1019
1121
775
1049
347
1067
493
762
227
1188
1242
734
291
575
1146
1280
791
1021
708
376
632
549
38
743
602
1069
473
125
593
507
732
1011
369
105
668
84
260
536
798
114
750
1249
1170
451
334
939
175
1243
503
912
713
982
974
940
24
837
513
313
661
163
506
1013
579
1185
171
25
650
991
1234
274
1035
1137
583
902
1007
190
433
804
747
769
6
1126
1173
1302
690
797
1220
697
813
615
296
1139
305
509
667
164
142
624
1152
406
1102
852
993
585
436
1022
793
822
514
312
1057
923
35
778
323
857
827
288
703
392
614
1202
98
489
969
101
1239
1012
1020
1112
1289
838
1118
643
1168
95
220
1125
656
481
354
1230
194
696
314
302
443
597
814
933
165
236
156
1023
859
33
483
525
561
826
864
1132
237
19
1166
1050
772
254
1122
568
545
1200
770
1297
463
584
1181
894
1060
967
909
1209
150
874
1276
855
366
701
1048
682
409
1087
161
630
370
735
914
286
891
197
401
1153
828
420
195
1279
57
1191
896
1025
37
511
317
541
640
518
329
1155
866
808
823
250
113
419
848
1219
1085
1110
665
287
979
562
779
249
408
1246
358
638
928
510
1201
12
599
337
47
1267
276
1162
845
458
330
759
430
214
934
1089
879
647
26
679
122
755
1247
1138
79
617
1037
824
80
1213
1269
877
49
32
550
652
270
1092
941
1131
170
1151
733
248
988
676
610
127
526
326
1148
634
54
425
1005
97
1042
619
1096
397
524
88
622
722
462
1223
45
702
107
1149
440
753
931
1039
744
39
1222
256
1226
1016
790
1068
118
1045
581
903
1028
82
636
21
836
818
377
174
62
400
115
446
439
660
1250
911
987
342
881
1261
365
885
895
919
684
294
278
217
608
1062
322
492
279
843
1111
1077
875
304
1285
1198
77
1235
469
1061
564
915
1058
100
93
470
424
582
1082
573
83
621
1194
687
605
1186
626
1245
534
674
810
956
340
968
327
1136
1260
1075
803
943
1286
924
805
616
56
1258
748
586
258
403
858
1301
609
157
1218
390
964
723
922
800
555
298
351
567
348
1290
182
853
977
691
1072
672
1268
414
949
580
756
719
1270
61
1008
1294
529
1266
1097
1099
488
29
833
85
889
315
228
947
519
1130
1278
14
238
1272
431
1109
618
471
765
533
235
604
749
1287
308
1059
729
572
247
566
1054
218
961
418
727
338
677
856
698
221
1172
603
153
1187
1156
862
441
1033
910
389
1064
487
527
428
245
1003
504
476
1113
394
724
767
244
27
1238
1032
468
764
379
438
1017
460
230
989
391
773
574
1034
717
766
546
1123
659
1088
560
653
1027
207
1253
206
542
108
328
688
16
1163
381
68
111
299
1046
497
1210
1006
215
517
117
971
508
501
1018
40
1183
1291
271
1254
1104
30
1240
1094
277
809
718
1299
1304
960
357
290
1262
1214
907
587
58
303
984
537
1160
1193
139
1275
472
34
704
705
353
641
132
913
269
154
383
64
1263
589
225
148
360
1150
937
1298
251
1015
1208
91
423
5
901
52
429
413
1086
892
1055
780
553
1196
22
754
728
863
116
547
467
41
73
240
74
306
757
309
784
867
936
386
275
1038
841
450
612
796
70
67
1257
1043
187
1221
851
9
1205
821
1167
8
355
1182
1251
515
293
970
129
144
185
42
746
980
223
740
417
445
499
948
332
1211
745
361
459
137
714
1114
99
461
177
295
916
601
1128
954
96
1044
831
422
625
149
1171
1093
283
763
726
395
1095
741
830
1024
1133
484
730
1241
211
480
1303
147
1063
945
811
596
375
48
259
352
1066
168
871
1074
255
10
464
675
466
155
957
399
742
898
720
479
1053
595
544
426
234
799
1105
53
649
946
1014
1157
849
552
1080
1225
925
71
1233
11
478
435
199
1244
66
205
1143
1255
535
662
999
179
577
1189
932
362
973
378
789
556
883
405
333
204
900
629
28
712
958
265
1217
242
103
829
1204
1116
432
975
1051
453
1078
929
651
884
268
404
994
908
1161
673
635
350
196
457
942
842
356
548
1165
216
683
1192
1190
736
611
950
1141
700
410
262
721
637
505
104
802
388
620
694
263
75
112
751
188
671
992
752
1179
281
1178
324
1215
787
393
169
646
557
1029
1142
598
367
1147
134
681
955
644
996
456
520
559
959
267
1180
563
65
839
1159
1271
1001
1174
1070
1256
398
452
1232
1124
869
92
663
709
231
576
539
81
633
1199
229
1117
666
648
373
1129
1098
1076
997
384
282
15
1248
819
421
1206
861
496
1176
551
465
316
1228
372
257
807
570
1031
412
180
486
591
208
860
758
927
695
816
528
976
522
1229
482
264
363
825
981
847
160
865
502
998
411
893
844
1295
307
715
166
455
795
738
448
1158
219
158
786
1277
521
20
569
120
346
368
806
336
191
43
788
119
222
1265
1073
407
131
699
1224
986
801
135
1140
183
46
284
1144
184
870
1026
339
944
888
1002
887
523
253
872
512
737
2
771
51
558
1103
359
710
140
374
272
1000
1009
962
1030
396
854
920
623
685
241
201
133
781
442
447
1134
768
658
1107
18
212
1106
706
1296
437
655
186
300
692
899
13
966
124
1293
711
17
1259
491
832
1090
794
301
1083
904
232
538
86
817
60
1300
1288
69
878
990
1236
543
172
1231
812
151
233
318
1056
631
530
203
716
868
193
1108
645
1079
44
952
578
23
657
292
209
189
600
490
146
882
689
500
7
159
965
1252
760
739
820
1273
531
243
192
261
252
387
680
474
178
371
1127
444
121
628
670
494
495
1115
50
678
130
485
87
246
136
876
266
731
1184
31
173
449
774
477
1216
886
1281
664
1100
176
63
1120
815
1169
434
1041
94
639
1091
1212
1292
213
725
777
1264
606
36
382
454
1004
963
106
226
126
78
344
102
498
335
1
897
953
162
642
654
239
792
0
311
592
1047
273
76
686
138
995
669
110
128
880
873
1036
152
571
1101
1010
1203
475
380
1119
930
540
72
343
951
297
918
783
289
554
210
1197
1177
