1017
1112
278
473
76
623
500
848
240
202
612
619
823
1024
1236
1255
92
450
1012
1199
1037
230
17
736
754
763
1063
722
582
1042
1265
264
521
286
1047
765
199
270
980
1100
294
542
440
781
1225
1282
38
884
186
1061
35
299
0
208
581
958
1248
1118
217
200
179
265
565
568
1094
45
192
129
314
420
1197
1219
241
1277
1086
147
912
7
295
317
98
796
524
957
1161
1165
141
1064
851
1102
827
847
316
816
116
1035
136
647
441
806
1229
934
1184
160
870
354
391
1060
659
70
585
1211
447
835
44
985
63
85
97
178
746
151
705
947
1013
973
1008
738
543
960
654
651
478
1206
866
971
1079
499
905
690
1002
609
368
850
1108
1015
800
1260
193
183
649
51
56
780
841
1242
1201
695
1257
1068
454
680
467
573
675
191
801
74
798
1289
802
275
902
323
161
769
864
475
341
1052
723
1299
836
646
194
1048
1036
248
223
285
1178
413
1218
110
1044
95
404
640
31
1295
1238
303
204
429
276
336
395
34
820
599
1026
398
563
1202
817
1019
1193
611
32
152
508
455
21
483
617
127
480
598
516
419
1287
1028
453
322
1285
153
987
196
1080
1142
1124
1279
388
1020
305
367
167
878
369
330
1256
1004
706
5
592
20
996
918
318
50
250
803
745
1027
1009
1273
924
867
1203
700
954
468
171
269
255
1292
576
1222
916
155
1172
774
1290
967
1182
132
674
1066
185
103
168
1234
904
120
298
627
983
560
986
605
383
522
860
37
1174
302
1274
86
274
877
556
1187
479
1135
1268
698
1145
744
512
1157
574
256
107
785
33
373
1091
748
1110
837
940
1293
172
360
692
1007
272
390
87
615
266
881
311
1084
535
528
994
583
552
852
1245
169
561
1097
721
944
1022
630
205
1074
969
400
713
726
684
869
1070
703
1105
331
538
751
664
682
826
1072
365
753
677
915
1251
1087
119
652
799
547
952
1239
914
421
502
879
976
78
874
252
1230
613
872
201
644
337
366
394
385
1111
177
683
737
953
687
100
951
25
1031
220
1252
182
333
149
3
1033
1258
131
589
704
308
548
1090
961
1117
1186
777
855
117
1249
970
977
672
923
1062
181
804
218
30
108
549
689
529
326
740
1170
939
1221
237
917
39
1030
628
624
894
534
146
979
60
557
1122
408
742
428
945
896
414
1096
54
52
387
1166
1192
246
935
743
1188
1232
376
312
80
361
570
47
559
1302
540
579
1303
260
1038
291
1253
926
1069
358
313
1176
133
1198
655
607
510
731
531
407
449
1067
83
741
773
105
729
959
712
1127
491
857
688
71
1057
328
614
600
1138
1041
247
825
344
1269
620
1261
29
309
1163
1264
764
553
125
1059
1294
301
163
292
767
943
551
910
1021
1196
1243
1164
913
925
64
778
1278
928
325
353
1181
492
1241
660
805
484
417
1140
604
909
1085
423
140
465
396
892
710
1076
594
1131
732
232
210
1136
485
691
637
988
1204
1213
622
1281
16
49
739
586
898
921
642
1207
451
665
487
371
558
156
756
752
384
643
597
226
36
908
1137
1270
1058
757
876
224
666
1055
859
727
812
946
658
1095
321
833
339
523
315
1088
1125
668
564
1190
714
645
372
157
518
886
215
761
587
109
995
1160
771
409
461
1078
783
488
190
662
466
1215
1065
1119
1126
610
942
296
370
828
964
1040
1159
130
211
1043
13
537
972
588
1262
1093
693
471
813
880
671
111
81
96
1227
900
416
458
1271
1189
242
393
293
263
633
189
532
1304
526
1053
12
457
216
1194
648
65
26
1120
62
871
1029
244
949
102
1175
937
1212
1217
1180
469
717
1247
392
173
901
23
749
1300
494
550
348
1177
922
18
670
340
43
829
281
527
938
118
861
681
875
686
853
1288
486
139
1235
249
1259
24
1173
288
15
1155
839
1005
1286
657
1121
789
728
963
280
254
1018
575
679
10
1114
1073
1301
1283
1006
1169
1280
282
443
701
180
991
632
696
126
2
809
1056
661
669
148
11
891
84
676
77
402
273
862
170
634
514
349
895
768
342
1214
434
135
94
319
747
1141
300
1291
591
1144
188
911
271
284
1049
844
982
843
846
401
845
788
243
793
1045
58
165
955
229
1113
815
122
1272
279
233
61
842
1246
1001
929
72
476
345
496
720
498
933
474
621
489
888
965
930
1228
782
307
948
931
438
227
334
53
124
865
6
356
509
784
1099
584
1081
327
975
403
238
819
1179
795
59
539
797
1275
399
268
197
790
899
198
259
840
505
541
834
716
1162
1195
1025
378
174
641
495
1101
435
115
206
477
596
868
310
464
577
1168
231
708
882
755
936
245
412
786
145
1050
992
460
1231
1185
28
452
1098
993
445
719
75
1123
277
1154
175
787
678
1046
1183
482
1034
1146
1156
603
90
214
724
431
566
364
832
55
176
253
68
144
251
810
459
656
962
497
1083
397
638
673
1115
569
184
572
849
1205
1153
1104
667
73
225
545
9
520
381
363
772
1082
14
1000
519
718
636
608
207
228
359
854
725
530
472
456
112
920
1011
329
1233
903
463
138
893
818
1139
906
262
956
1129
346
1149
410
154
222
639
974
212
239
335
357
766
121
515
1116
593
699
267
1075
1216
338
601
261
415
506
702
919
1250
493
1254
386
779
89
1151
1200
1284
1016
304
1133
283
82
195
203
1220
889
297
380
989
1237
897
635
1298
590
8
123
350
1296
606
1054
158
626
128
430
106
1032
162
618
776
289
375
824
808
66
791
858
69
709
831
41
616
984
503
770
1208
1023
650
57
750
517
143
685
807
406
93
629
1132
1130
513
99
907
234
448
377
822
236
164
1077
444
1297
1267
711
775
1191
1143
424
235
1003
966
555
67
42
1266
411
439
88
941
950
663
504
927
166
1240
1147
733
811
374
287
501
320
887
1167
715
1109
1276
347
187
379
221
426
362
48
694
1103
1263
602
1224
446
631
536
507
306
257
544
150
113
707
1010
625
46
830
91
405
999
442
1134
142
511
1106
1107
101
856
351
1226
159
653
1014
422
533
1210
332
697
821
562
436
760
4
352
490
1039
134
290
104
932
1
814
1089
567
1244
427
578
343
219
981
324
863
990
792
890
997
1171
1092
389
27
481
425
209
1051
546
883
1128
730
470
968
22
998
437
554
759
735
758
1209
525
40
114
418
1158
838
355
19
885
873
433
595
79
462
213
794
1152
137
580
571
1148
1150
762
258
432
382
734
1223
978
1071
