837
253
724
360
815
391
44
480
176
189
540
69
396
2
721
707
658
280
472
664
567
183
446
727
811
306
196
173
277
548
836
555
1
793
660
787
754
791
326
533
545
783
97
330
415
58
434
101
174
162
269
180
466
471
554
799
583
51
103
303
443
806
64
109
616
352
831
449
322
512
593
435
527
710
403
331
505
413
808
596
344
715
207
539
644
387
365
225
689
80
639
355
17
851
606
382
293
615
53
457
251
460
733
586
649
94
764
489
34
10
291
92
543
172
453
380
260
218
436
61
327
778
661
389
656
367
159
201
215
800
503
319
141
640
549
514
848
290
608
13
190
171
826
86
705
388
558
52
716
104
769
607
123
116
529
458
132
321
731
518
626
95
329
38
289
497
19
464
247
419
35
328
345
532
74
371
496
666
209
59
728
823
276
627
90
168
378
233
840
377
703
838
591
188
244
538
670
797
271
763
807
230
442
743
771
473
509
440
118
536
88
143
286
359
108
646
772
362
694
270
146
648
770
651
333
126
631
149
562
221
711
416
240
609
73
273
476
587
581
195
565
610
25
177
573
760
158
564
242
200
439
677
786
127
454
647
717
698
571
730
372
695
288
138
161
272
405
245
524
6
178
834
374
111
21
493
130
672
502
33
748
491
317
232
20
535
411
477
490
621
324
495
236
541
488
821
753
812
426
528
135
784
282
99
632
131
398
601
561
222
469
31
223
102
85
766
654
775
511
726
299
154
309
343
854
693
219
706
722
243
14
810
645
437
767
515
404
637
604
462
483
794
519
430
49
700
410
844
625
165
229
186
768
822
155
676
45
15
642
550
36
751
719
708
32
500
308
584
773
129
296
136
18
690
611
275
274
0
310
846
208
517
91
202
81
256
402
318
816
361
605
353
369
385
559
762
814
691
835
139
570
311
504
629
137
839
83
257
612
394
156
110
217
281
125
316
759
383
11
712
76
635
850
231
71
187
150
422
522
737
830
366
354
572
285
452
262
450
734
820
614
842
657
560
736
241
475
29
115
603
479
199
246
98
574
167
298
438
544
709
228
181
578
134
314
843
323
795
849
265
41
841
582
802
338
652
55
598
254
499
547
266
70
688
348
302
376
300
255
620
827
655
788
470
313
47
128
332
157
87
283
204
750
341
145
409
7
819
63
650
590
8
501
829
250
170
77
746
445
485
628
742
589
227
525
401
351
461
337
796
537
112
622
699
523
679
414
292
474
340
756
147
641
478
336
153
395
663
284
152
853
498
487
801
164
516
96
214
211
107
432
287
89
46
685
617
23
106
798
114
594
636
745
792
563
588
268
755
782
580
508
121
828
687
342
12
749
22
151
506
463
142
638
301
855
373
235
384
216
675
789
566
595
510
144
140
813
680
238
193
456
37
781
315
785
406
692
169
40
312
425
399
237
738
339
668
725
455
856
368
252
357
546
776
62
747
678
5
765
194
295
100
39
681
704
390
117
720
249
697
465
420
418
259
634
397
531
852
26
424
203
744
739
166
93
526
623
191
671
421
279
441
347
370
552
258
179
451
122
57
735
386
307
683
335
412
160
732
513
113
220
780
213
669
630
847
392
206
530
682
653
210
613
551
624
393
758
729
579
379
667
779
569
65
375
248
845
665
294
832
3
212
133
741
686
757
740
356
68
400
305
805
264
577
182
43
433
407
184
363
346
417
718
234
9
226
484
833
48
521
429
803
662
643
761
600
320
585
774
556
304
597
67
192
494
79
297
408
684
119
148
576
444
507
163
482
4
468
197
84
481
428
568
56
520
239
120
224
72
349
267
618
198
459
534
431
696
185
542
723
447
702
278
16
364
75
673
427
261
105
205
592
78
553
713
66
825
30
714
28
701
334
809
633
599
818
752
27
777
325
804
824
263
175
423
350
381
602
82
557
674
817
358
42
124
619
659
575
60
790
467
54
486
50
24
448
492
