388
855
18
202
459
570
16
456
845
832
841
160
522
736
615
836
573
633
215
74
283
277
222
816
349
359
374
37
427
104
90
203
418
288
282
533
302
195
642
677
780
586
624
756
625
486
332
555
452
462
837
340
248
489
31
40
454
396
319
114
271
552
730
843
312
735
626
590
159
43
417
527
121
487
725
235
630
140
240
377
238
177
1
254
773
849
85
718
493
353
483
344
799
342
465
371
360
296
408
678
162
703
334
834
423
765
742
95
737
599
102
538
230
681
138
680
173
564
437
498
72
256
619
286
772
224
771
262
32
850
289
117
42
520
513
180
852
141
98
497
347
244
89
165
161
53
714
341
482
4
713
128
82
71
472
673
148
518
798
182
77
368
216
847
87
805
699
546
279
13
697
781
178
100
779
412
326
199
133
58
576
147
48
476
683
582
428
436
722
451
796
838
96
50
185
266
304
635
22
144
794
666
219
420
356
726
267
217
116
631
823
150
444
188
186
516
387
752
800
60
445
569
461
124
705
12
729
218
545
446
275
565
132
314
448
808
108
804
755
333
174
187
258
721
63
696
712
79
594
59
523
67
835
83
648
646
853
152
526
212
352
172
11
557
367
562
170
464
744
337
88
563
693
747
25
20
381
375
324
413
38
338
654
345
94
301
293
115
137
559
213
587
196
119
622
309
809
659
406
227
416
539
602
492
23
106
220
318
792
833
775
556
596
134
438
101
239
732
751
651
632
704
490
653
649
80
36
605
595
157
618
724
29
143
691
135
409
348
676
749
228
764
540
75
620
297
783
327
827
815
667
321
496
502
636
331
802
280
583
789
3
107
761
494
846
657
380
232
466
715
509
189
425
684
786
543
679
320
204
350
263
241
672
820
142
530
402
250
365
126
394
793
414
109
695
639
0
181
439
460
9
701
226
840
246
167
463
183
811
813
397
442
383
298
411
207
795
47
753
278
825
206
525
30
647
197
366
495
419
663
156
720
210
521
457
440
26
384
589
670
534
652
519
788
554
78
506
103
769
49
593
236
731
568
351
507
92
255
734
323
243
480
430
385
797
745
112
842
191
155
291
274
585
415
120
201
316
372
511
600
669
441
129
719
223
700
578
821
272
146
470
343
777
537
675
257
386
658
817
294
8
688
572
391
61
449
205
740
35
389
329
826
628
300
621
346
650
305
535
99
567
261
453
524
694
317
125
330
68
733
644
698
592
410
358
322
131
10
431
295
355
608
194
638
403
426
163
784
424
597
767
370
421
508
136
828
641
39
778
247
517
655
369
479
364
660
547
81
748
536
614
66
179
363
245
528
581
848
435
512
473
211
299
544
433
287
640
491
759
268
164
52
62
532
574
542
398
604
249
153
484
209
603
17
361
7
791
447
829
234
393
760
687
617
379
488
529
478
5
113
645
643
110
612
474
339
64
762
315
190
399
270
782
728
702
831
252
709
566
475
503
629
485
149
41
450
571
686
111
763
15
325
553
743
429
500
814
549
611
158
584
801
130
281
668
468
839
65
575
357
336
768
251
214
790
84
19
665
623
822
717
27
515
504
55
390
127
231
362
812
560
303
6
711
708
105
242
774
97
689
400
46
176
276
151
606
169
33
510
407
208
754
758
803
469
259
376
306
70
237
690
716
76
308
674
477
118
682
443
200
501
139
671
253
166
548
550
44
741
382
455
69
757
514
661
750
54
405
91
844
558
662
598
577
168
785
225
588
171
710
311
51
307
551
269
422
395
692
93
616
613
73
24
610
21
184
292
830
290
706
45
373
229
313
856
499
193
481
471
354
541
221
609
787
122
392
656
467
34
664
260
328
727
335
86
770
378
233
175
57
807
310
28
627
458
819
854
746
707
404
505
2
634
285
766
154
434
561
739
123
192
265
579
738
56
776
637
580
284
810
401
531
601
264
145
273
806
432
198
818
685
723
14
824
591
851
607
