656
134
104
185
588
511
592
77
387
422
162
154
577
328
691
703
350
195
648
364
275
70
531
314
516
399
767
540
348
371
180
397
548
269
247
437
575
822
532
238
702
51
39
340
325
778
313
22
2
351
28
167
759
665
497
788
3
695
114
169
742
612
684
671
589
171
789
560
655
586
785
99
666
158
423
460
536
144
410
546
239
594
305
184
725
93
483
490
682
833
164
824
743
466
471
840
697
826
681
503
339
72
477
645
714
787
751
779
855
111
10
673
268
213
194
271
803
584
621
291
590
54
429
627
36
473
846
781
617
687
608
155
322
522
821
513
385
78
433
538
249
1
69
771
160
416
565
34
745
159
836
7
261
293
259
728
430
746
488
793
796
231
544
56
389
690
240
776
470
719
853
353
242
138
461
688
569
605
784
763
498
272
318
574
265
307
623
20
110
219
717
453
223
330
263
79
661
487
757
19
514
211
117
572
6
362
489
464
539
91
459
482
337
352
629
76
304
845
206
756
101
85
25
599
150
381
815
792
278
775
700
689
668
49
819
55
738
124
643
243
391
419
766
578
517
102
128
663
413
390
347
481
227
23
734
383
225
186
773
554
425
241
851
491
591
246
255
17
556
837
38
619
106
607
830
842
170
157
132
707
713
585
205
135
596
818
401
827
740
18
287
708
266
571
549
380
341
264
95
331
229
418
382
29
718
518
388
285
701
610
94
843
816
806
196
715
354
13
282
210
495
403
187
646
59
256
716
115
798
332
750
300
733
768
45
181
761
829
88
127
509
368
440
140
456
427
635
849
192
753
378
283
53
444
365
675
103
694
468
8
148
409
721
220
741
812
165
551
234
752
235
736
384
329
151
286
801
492
674
288
372
631
436
342
363
161
804
525
662
125
361
601
500
233
15
484
814
62
414
573
217
797
379
198
523
709
476
346
92
760
123
567
137
828
131
188
786
163
335
16
236
791
679
576
457
807
664
294
147
475
24
178
723
292
376
421
73
519
630
439
455
726
493
704
597
641
112
191
603
638
366
189
298
711
142
809
774
782
411
754
472
580
653
647
176
0
182
696
40
543
355
46
100
310
790
463
677
583
535
553
297
510
145
333
832
276
813
618
273
557
783
502
445
156
87
11
405
810
835
735
424
692
758
108
550
624
720
604
777
375
31
808
639
295
545
844
611
478
693
412
216
731
133
441
678
214
244
839
400
749
299
669
267
802
96
415
800
562
722
581
739
609
443
799
683
506
190
141
744
146
122
676
448
281
68
224
505
32
86
820
434
203
226
698
633
177
447
183
317
130
215
408
727
651
685
296
398
852
228
634
139
67
65
334
58
831
221
245
64
507
172
98
327
107
499
494
402
593
97
66
657
686
795
772
251
552
14
118
794
526
450
658
204
614
555
579
566
126
393
547
344
485
360
60
602
338
71
143
315
279
374
105
672
207
35
370
270
75
116
636
524
257
469
5
33
426
9
465
324
395
467
765
312
558
769
640
74
559
667
528
386
90
620
345
710
805
628
199
529
637
37
200
377
209
369
302
480
706
42
21
534
582
622
841
50
311
811
420
533
458
208
212
542
349
442
358
747
303
84
568
201
650
854
563
451
712
438
632
825
732
359
613
193
319
260
452
258
232
202
320
834
755
446
61
109
83
277
43
280
52
44
230
817
113
168
642
152
367
274
762
27
587
616
392
336
856
659
119
737
248
850
848
527
254
606
218
356
81
12
63
724
600
431
175
166
129
537
823
306
432
680
222
174
47
520
521
474
598
396
644
486
847
343
57
748
449
838
406
570
41
252
323
136
705
699
670
729
48
462
326
262
504
373
501
289
197
30
179
301
120
149
660
4
26
153
626
237
316
561
515
764
454
496
308
290
417
564
321
512
652
357
770
730
284
253
649
404
407
541
428
250
780
394
173
530
508
654
625
82
595
121
479
309
80
615
89
435
