432
516
630
313
568
372
213
435
116
529
265
703
591
315
488
405
676
588
61
312
466
810
723
667
269
205
298
373
202
15
824
846
178
582
433
190
79
670
698
226
217
427
355
17
526
108
403
328
276
322
492
420
244
511
336
855
140
25
268
471
387
852
379
576
442
496
105
35
14
504
548
856
541
23
840
762
280
783
704
801
454
415
249
551
279
637
319
532
229
474
283
696
243
847
431
726
738
618
288
93
311
75
620
785
12
586
732
354
766
463
642
833
96
110
72
711
366
199
80
590
600
564
598
613
196
296
395
778
146
41
221
0
455
606
680
37
212
97
155
489
363
830
744
467
594
406
62
7
853
605
567
477
235
3
461
171
234
133
615
729
173
720
100
827
103
646
31
218
120
673
542
59
498
537
534
733
531
447
528
759
203
687
136
401
740
292
278
495
690
370
816
671
681
677
589
621
570
284
476
649
150
446
358
771
689
404
423
742
176
757
475
629
241
793
695
81
191
811
562
337
718
469
533
407
77
519
351
84
661
386
601
650
300
795
581
340
353
163
772
712
374
465
653
123
397
791
655
813
68
2
78
460
270
185
609
517
820
125
750
264
137
487
392
368
611
309
807
261
579
1
130
236
823
398
195
13
417
520
364
470
493
709
360
122
633
743
694
572
428
716
334
240
259
781
748
515
393
86
66
797
104
327
207
672
713
577
39
421
21
377
145
416
260
836
87
769
831
92
27
472
457
10
798
16
753
610
851
839
282
262
8
702
841
121
683
356
223
175
388
453
22
285
293
44
325
619
725
508
765
408
612
210
254
143
389
237
197
499
129
138
560
222
119
151
818
478
556
168
114
91
56
204
28
768
758
303
776
118
426
286
411
682
602
60
36
549
314
632
585
333
54
194
434
245
812
774
106
502
522
310
107
513
142
569
578
558
808
306
837
452
24
826
339
412
127
684
400
639
359
844
448
380
825
462
128
76
224
554
182
32
754
464
211
198
193
20
678
371
737
51
796
131
553
656
338
361
664
430
848
342
697
536
815
263
230
390
707
715
829
603
98
425
854
159
456
179
220
307
255
595
160
367
152
267
382
790
819
540
170
343
156
665
438
507
177
843
281
402
233
34
666
580
376
227
299
782
258
304
834
566
246
596
741
225
399
638
731
849
274
518
318
352
503
42
557
115
780
686
70
67
357
239
784
308
208
375
89
662
83
439
451
209
544
55
418
659
48
786
747
530
622
215
58
789
277
250
803
410
429
43
692
850
369
419
760
214
161
559
583
538
822
295
413
188
200
468
770
169
381
631
99
777
643
294
832
302
821
647
773
332
287
30
139
752
485
5
187
409
181
445
69
291
272
724
675
500
648
614
252
800
635
149
94
162
527
111
330
38
378
172
787
443
437
95
341
384
153
458
247
809
651
74
645
57
289
693
85
524
166
628
571
345
158
722
814
396
804
444
749
164
473
275
206
82
717
592
623
88
424
441
242
604
838
481
565
480
736
192
49
700
65
573
775
626
535
479
705
627
486
46
514
561
505
835
248
6
50
33
756
141
251
394
317
593
256
688
134
135
148
792
764
147
546
644
552
320
617
817
449
663
701
40
608
761
344
271
64
641
550
4
539
575
685
545
126
654
691
509
459
607
305
273
167
547
154
316
746
321
512
238
494
751
679
101
290
806
669
658
113
324
523
9
450
730
112
728
828
47
484
18
739
109
587
543
563
11
365
674
482
802
521
362
346
323
616
710
788
326
501
634
257
506
347
102
668
745
45
73
719
625
497
660
232
845
714
26
794
174
231
350
117
734
90
767
266
483
253
391
525
735
799
184
491
63
599
763
186
19
842
636
180
755
132
652
805
574
228
597
329
721
216
436
335
348
71
201
189
414
157
165
779
297
52
657
301
640
29
727
706
219
144
124
624
699
708
490
555
53
510
349
183
422
440
383
385
584
331
