87
762
256
590
561
192
79
170
846
64
232
106
436
683
396
154
729
84
1
461
478
702
173
814
303
653
652
761
429
497
319
508
420
229
368
378
120
34
155
641
54
370
354
325
274
377
609
600
390
409
781
493
703
736
363
731
827
60
565
113
686
704
17
193
266
330
218
820
656
801
465
514
512
387
789
175
159
216
19
38
273
213
511
624
569
591
346
199
117
619
717
241
825
842
167
740
5
732
255
693
4
248
27
661
395
601
509
480
421
660
699
345
176
14
181
406
432
535
556
51
411
212
454
491
210
715
576
281
261
75
251
501
253
499
810
150
853
778
59
754
550
321
304
249
94
58
126
558
777
394
207
617
408
425
190
25
479
793
31
140
442
252
458
598
365
488
20
157
678
110
466
629
322
530
730
223
123
375
184
522
198
651
348
116
642
424
145
811
392
143
158
734
675
431
500
667
772
728
134
568
581
7
308
209
264
11
133
96
835
10
201
297
379
695
284
816
77
267
655
529
313
55
265
649
441
554
574
299
288
647
534
407
3
373
572
672
665
318
738
333
136
360
270
481
114
359
739
433
486
178
787
382
418
185
712
681
337
435
826
663
23
469
504
132
112
316
234
622
65
526
102
452
685
785
507
815
108
61
142
307
588
741
314
381
52
163
577
847
492
616
361
215
152
186
200
312
44
271
566
567
353
404
355
474
763
679
544
635
691
237
119
822
183
254
445
342
416
222
53
723
340
438
595
818
643
111
611
66
725
482
765
701
632
12
16
564
473
95
747
243
696
172
707
520
83
349
78
604
290
109
455
351
462
320
344
82
536
531
838
570
748
680
750
141
495
118
268
519
389
584
144
29
518
802
540
791
383
783
743
746
161
697
523
39
562
533
700
548
206
42
220
771
727
49
374
788
37
775
824
760
88
399
26
714
676
677
15
614
840
654
81
831
585
799
662
103
774
294
503
784
829
551
841
607
583
505
515
502
162
850
839
85
670
130
506
338
73
767
608
187
603
45
539
410
698
177
832
468
278
191
99
80
674
638
72
756
485
498
189
221
427
711
745
156
128
104
242
239
107
634
302
347
247
578
293
757
813
706
546
472
464
447
275
563
618
402
489
483
41
97
415
626
766
795
413
759
343
769
135
721
612
92
208
417
364
467
244
357
224
593
86
149
690
400
735
291
388
532
537
380
659
476
76
451
852
260
166
688
487
450
718
599
437
236
57
541
69
639
837
50
560
0
779
851
68
124
620
386
709
335
496
828
517
32
393
664
315
179
694
666
602
557
40
821
205
615
594
549
848
153
800
115
430
807
231
151
764
794
279
272
658
258
637
391
547
516
326
230
137
668
217
246
90
471
463
845
833
786
225
753
627
650
292
46
453
280
705
228
24
122
434
460
640
456
633
197
125
306
776
744
101
538
575
830
21
806
689
426
419
428
710
329
384
752
334
513
367
36
324
524
646
148
259
310
317
477
625
792
56
67
843
459
673
613
311
263
171
202
269
797
527
369
285
194
385
597
93
446
169
9
684
147
423
336
2
180
692
644
182
755
301
195
805
174
490
836
48
834
339
628
621
146
282
579
737
328
100
219
398
812
457
188
305
30
227
18
105
780
298
470
856
371
545
98
286
129
28
47
586
796
749
352
262
571
475
671
552
773
165
719
160
751
138
587
708
341
596
331
444
510
168
722
844
803
245
636
276
849
89
164
439
366
327
808
233
6
724
798
250
592
726
559
855
289
528
295
521
823
854
494
449
401
121
8
397
733
70
71
422
403
657
804
790
196
362
62
713
350
809
22
214
682
645
443
606
543
768
405
358
372
542
204
277
203
582
226
323
139
669
211
238
687
580
74
35
573
131
623
412
525
555
742
716
287
414
758
240
610
630
782
13
43
356
91
605
296
648
440
553
770
127
589
300
332
309
283
817
63
257
235
448
819
631
33
720
484
376
