716
393
76
92
637
71
84
106
175
574
44
45
464
315
59
823
751
658
104
593
525
608
326
313
391
752
545
342
6
646
764
416
214
427
628
727
162
167
848
626
510
482
772
353
40
351
580
158
835
800
385
10
201
441
563
150
586
615
755
509
327
296
546
198
4
3
595
600
714
329
176
792
265
388
624
249
110
405
611
290
57
644
795
523
749
186
829
485
241
312
270
430
378
607
253
284
636
724
513
667
411
763
409
802
11
519
798
432
324
171
281
413
766
46
511
528
775
736
853
824
804
671
438
156
696
827
712
19
134
117
444
26
672
788
750
689
79
539
446
211
226
129
740
349
581
725
224
852
268
420
535
842
135
292
142
461
843
323
15
612
365
320
360
504
240
412
591
731
9
202
363
126
680
439
634
196
791
730
225
358
783
821
517
633
172
115
178
547
340
604
39
435
61
437
164
551
467
78
453
643
122
516
68
538
219
433
468
694
715
687
299
237
846
670
266
494
25
780
51
456
108
748
635
113
459
606
799
675
125
1
497
841
683
490
152
317
245
41
400
688
836
684
49
822
234
809
203
651
319
355
452
147
640
501
599
429
48
341
570
811
232
382
22
690
548
486
629
566
541
434
29
60
565
258
443
200
533
556
487
182
662
33
729
723
572
488
390
64
307
806
220
442
623
8
851
242
287
681
330
632
149
663
790
779
141
95
844
325
589
710
157
830
374
401
747
828
294
506
417
255
797
331
653
228
480
233
616
306
457
587
310
197
515
771
371
380
213
756
571
18
492
137
91
718
717
474
140
81
695
291
520
609
805
770
815
702
348
347
666
588
676
392
707
20
250
288
94
264
496
544
536
183
373
406
368
739
372
145
837
251
316
344
394
668
314
855
305
404
697
65
346
776
381
732
794
27
819
408
854
72
252
479
622
424
514
302
818
754
698
774
460
808
308
654
333
839
367
787
722
204
73
704
582
590
657
230
598
293
83
54
699
359
810
703
101
470
719
352
56
75
212
508
62
849
309
789
540
229
244
103
259
375
189
151
762
223
713
812
187
706
769
58
181
720
50
484
518
53
445
275
159
652
282
686
558
67
708
737
0
85
502
436
512
552
455
447
47
28
63
7
31
578
745
121
801
521
678
568
112
37
585
577
36
840
260
559
610
336
768
43
177
30
838
124
597
193
262
495
387
361
478
42
618
221
267
682
328
757
334
553
120
335
222
483
440
767
592
191
744
12
304
77
648
165
834
366
285
777
596
286
87
119
765
161
418
271
665
832
462
701
677
419
206
685
238
90
32
144
421
428
34
793
279
154
743
111
24
564
649
239
180
69
555
679
594
661
817
813
505
407
820
758
557
127
273
102
614
753
396
384
524
107
463
656
100
195
605
303
163
476
450
398
399
630
410
431
23
93
562
168
256
603
246
17
322
833
332
118
297
210
567
549
337
642
209
527
138
692
542
169
207
550
816
560
173
174
728
274
402
295
647
573
263
425
318
216
826
650
669
660
132
503
5
389
114
498
109
489
227
298
742
301
55
721
786
133
231
376
451
289
746
131
261
89
814
472
796
454
116
339
208
311
38
760
370
16
190
235
711
139
481
674
350
188
627
2
575
321
21
386
395
184
734
52
166
569
170
529
554
645
850
356
300
343
185
741
66
128
458
426
423
738
86
807
362
254
130
97
733
215
13
469
613
194
825
217
761
491
283
247
280
199
847
781
82
379
345
192
272
531
99
74
619
475
631
465
639
759
530
673
782
785
784
80
98
522
471
422
276
448
507
383
625
773
493
143
35
277
236
377
620
778
449
397
218
403
831
357
146
205
136
160
364
473
466
70
583
726
709
700
532
641
526
500
14
621
88
693
499
369
477
534
691
543
123
338
579
257
659
179
576
243
856
105
617
96
153
278
269
155
414
655
803
638
248
148
601
354
664
415
705
845
561
537
584
602
735
