493
355
763
309
696
410
811
618
137
353
377
141
249
551
743
50
541
258
360
539
338
813
561
251
662
517
330
204
122
753
21
201
692
317
837
442
590
124
852
479
449
180
142
758
292
102
277
847
57
469
747
82
96
52
246
80
481
174
363
93
502
742
699
676
369
496
510
500
829
177
428
478
91
689
283
1
465
73
686
123
713
759
37
475
182
44
323
610
388
790
376
39
565
300
56
724
391
17
535
838
14
33
200
261
51
185
827
836
648
274
296
703
629
85
23
252
42
749
270
678
639
542
450
591
552
498
260
532
327
604
446
396
729
792
675
256
738
67
368
608
708
145
49
471
418
638
822
400
389
824
20
677
720
854
89
523
602
132
310
272
379
72
426
312
349
588
768
347
189
84
382
480
197
545
760
534
850
409
830
64
0
421
359
526
594
652
69
413
370
757
670
417
432
577
592
250
527
727
351
151
366
262
255
404
2
748
6
752
685
791
669
467
135
834
295
408
271
576
381
136
531
486
668
630
693
41
513
153
722
172
325
787
468
167
112
322
403
589
344
690
745
657
643
845
357
849
27
281
799
28
324
59
433
739
853
318
148
653
179
762
488
364
786
666
709
219
470
237
119
361
583
809
394
773
424
596
399
402
83
459
735
817
549
582
88
717
772
241
240
558
818
198
438
278
275
490
53
298
236
650
375
635
46
796
235
86
625
511
406
497
392
765
687
491
441
508
572
808
562
54
287
231
716
19
303
97
607
107
702
336
544
537
276
294
111
156
706
447
22
474
831
771
646
679
619
380
305
362
117
851
412
795
47
100
209
671
788
641
293
213
429
461
674
581
476
320
460
501
301
744
715
186
114
333
856
313
384
802
328
383
463
663
230
269
844
291
812
637
125
614
35
754
487
525
593
547
371
566
10
77
826
238
514
265
181
613
611
563
784
848
504
543
456
115
682
221
840
289
585
101
755
166
98
530
770
825
737
314
721
855
224
290
443
431
814
214
134
789
750
147
288
560
701
623
216
522
503
390
564
103
659
528
263
477
598
233
176
154
718
416
173
664
4
358
656
61
473
297
178
807
352
79
732
343
164
16
624
48
348
170
94
455
149
691
452
234
764
454
356
516
574
445
81
485
550
540
159
171
741
150
29
462
76
437
649
700
587
74
684
393
99
304
116
780
740
828
605
640
538
457
626
248
225
146
215
242
266
169
326
573
435
756
374
846
45
244
385
212
645
373
766
203
775
815
810
617
218
286
163
411
620
140
529
247
580
842
533
62
55
712
778
472
730
25
440
839
282
26
268
634
843
736
631
751
334
194
195
567
672
509
188
120
168
520
782
621
835
138
78
586
162
267
24
555
820
34
11
66
63
229
257
615
505
3
165
239
220
698
553
483
308
199
386
126
223
571
95
342
306
232
183
9
816
414
264
688
521
801
68
329
633
38
211
579
612
495
405
803
658
606
227
131
797
8
187
681
632
559
425
714
597
133
746
90
482
779
161
207
71
367
284
193
331
603
345
311
622
228
734
70
439
226
661
36
578
106
819
536
568
519
710
683
805
60
110
43
695
192
628
464
158
40
785
434
5
139
104
651
711
484
31
636
518
804
832
833
783
806
372
109
340
627
217
673
705
243
707
420
398
222
430
354
451
492
556
655
335
616
32
259
397
15
444
793
660
346
731
280
321
680
155
30
557
144
419
401
427
315
694
644
65
499
299
823
129
108
184
719
515
121
365
665
407
415
285
75
570
18
341
726
794
601
723
728
206
776
245
647
13
378
316
423
253
453
777
767
337
422
279
152
774
733
798
466
599
157
332
512
273
761
725
554
584
595
205
667
160
448
600
128
781
654
489
436
190
569
210
191
92
202
524
548
302
458
494
130
208
800
87
127
175
609
697
196
395
350
143
575
769
387
58
319
507
821
546
339
642
506
704
841
113
105
307
7
12
254
118
