193
465
72
296
558
485
671
536
418
554
70
741
119
789
474
521
368
481
780
374
256
37
405
22
16
137
710
276
715
214
819
264
842
739
590
5
409
231
168
25
200
560
847
191
826
356
486
117
78
352
427
736
673
779
664
19
499
793
232
178
1
608
797
666
406
467
529
97
653
760
289
634
527
462
761
246
14
607
251
298
161
393
738
317
509
280
361
196
685
574
618
623
800
148
40
244
553
239
401
496
152
172
568
613
701
113
562
829
678
733
775
795
327
714
347
76
206
848
59
766
577
585
806
331
136
32
460
141
254
687
642
360
853
24
572
68
723
480
743
538
645
612
447
417
383
321
44
98
656
419
699
520
47
408
661
501
670
580
494
815
245
490
334
12
369
145
243
413
437
588
330
301
36
504
786
92
564
218
609
752
423
820
530
595
561
329
73
121
46
86
338
398
313
514
171
271
809
466
500
582
349
852
190
357
217
180
712
99
493
324
114
102
487
270
127
657
477
753
591
308
395
354
142
854
497
677
134
93
655
42
662
147
146
598
163
639
594
803
311
638
429
372
348
831
592
52
18
727
96
659
696
776
482
342
160
440
388
617
792
633
629
238
71
411
601
654
183
155
589
758
33
816
41
802
844
101
277
781
749
622
438
565
604
511
824
138
26
108
225
547
471
21
770
651
162
630
241
345
637
120
201
140
110
443
20
522
295
150
759
129
663
205
550
669
153
55
208
175
112
189
290
742
495
320
635
583
179
56
410
412
575
188
385
407
682
89
804
448
434
258
681
505
370
233
628
679
237
702
525
785
735
676
287
118
337
441
336
587
79
532
213
355
88
380
625
428
157
783
450
57
469
808
432
578
537
516
691
109
312
149
716
252
156
310
549
452
125
316
6
267
472
275
444
840
640
35
431
170
77
576
2
731
236
658
689
433
94
732
288
584
107
90
643
813
569
159
446
646
194
174
557
376
84
750
305
366
665
839
249
534
173
226
798
8
184
386
812
528
624
478
4
620
843
74
762
123
508
784
51
181
223
384
518
307
230
473
204
457
597
845
563
454
517
314
116
45
684
698
506
164
849
708
13
644
186
293
302
0
375
827
425
85
43
382
492
257
535
286
248
832
763
828
688
523
512
82
371
424
838
652
725
453
215
62
391
660
65
100
17
420
833
491
373
387
283
442
80
139
66
773
262
291
255
23
404
772
445
294
774
394
703
821
777
690
757
502
632
822
479
421
602
154
615
693
787
30
686
573
304
503
430
846
451
81
720
95
475
38
365
754
220
377
261
825
247
621
455
540
351
131
636
207
458
680
694
400
722
253
606
328
169
346
402
224
363
306
818
700
315
67
805
435
58
551
69
719
616
706
711
744
167
50
794
422
470
790
104
729
122
364
515
799
378
64
392
339
841
272
737
195
53
556
49
390
730
203
198
641
823
323
599
767
343
132
667
810
555
788
765
135
197
176
519
260
531
619
734
439
626
103
436
105
668
581
746
106
648
359
211
526
726
464
489
34
855
748
396
498
552
718
771
11
265
332
782
631
414
210
488
756
461
234
227
811
29
513
187
202
61
692
10
449
507
851
697
484
284
814
144
483
747
596
476
603
273
850
319
9
222
755
837
579
768
415
674
546
228
567
817
268
717
219
856
683
745
709
54
672
87
721
216
182
7
126
274
713
459
543
675
335
836
326
299
456
389
166
600
728
510
650
115
63
285
309
177
27
362
133
344
60
124
586
278
704
559
533
571
593
610
28
259
242
250
695
322
350
3
834
801
340
426
300
48
282
605
724
341
333
279
31
649
764
397
128
158
570
212
830
15
111
229
468
544
524
778
91
539
791
463
263
281
192
416
266
143
835
769
751
545
614
151
379
235
303
740
707
209
165
292
807
240
325
221
548
358
647
367
611
318
381
199
796
269
403
83
399
75
39
542
566
353
185
297
541
705
627
130
