268
216
504
621
367
710
220
708
632
757
204
795
430
382
217
854
681
573
461
678
583
438
365
740
704
720
817
94
734
841
691
212
125
832
705
490
851
561
400
650
496
284
16
176
548
334
646
184
712
683
815
620
136
75
252
90
728
257
258
432
770
97
56
312
856
821
403
774
208
761
108
57
52
401
448
307
189
106
360
557
623
238
616
280
679
601
218
754
479
627
692
120
35
228
20
476
141
264
544
700
291
145
160
453
837
468
95
337
320
324
239
36
315
420
351
311
422
521
290
162
37
396
486
206
514
530
755
638
698
497
555
19
295
699
414
552
211
143
178
121
5
850
742
605
104
592
331
610
672
667
50
463
772
820
286
781
625
449
112
640
570
726
666
148
236
188
165
743
425
410
243
402
18
460
169
498
751
237
172
645
406
758
657
299
373
792
506
574
318
309
339
612
370
175
65
349
669
622
805
173
181
454
695
300
442
608
276
14
790
724
74
502
766
655
528
549
580
529
773
190
721
390
735
676
71
810
306
283
232
192
44
157
711
350
526
277
227
635
849
776
23
654
789
475
102
593
614
481
105
571
465
846
341
647
352
824
445
409
660
205
180
347
503
433
701
828
491
101
511
551
214
719
231
182
210
274
323
441
459
822
244
338
539
66
149
316
201
394
845
344
2
786
768
122
399
707
477
298
484
333
221
682
777
326
359
385
256
279
388
787
609
11
767
687
737
847
775
308
488
199
753
505
582
195
554
270
8
305
159
429
533
813
423
167
281
24
48
6
715
525
248
426
730
107
807
376
9
3
58
538
806
451
656
357
639
130
540
174
386
152
591
124
269
588
783
663
17
26
661
624
703
317
30
579
546
684
615
830
166
590
819
637
89
671
825
788
233
550
522
378
686
156
685
85
129
21
335
153
147
29
473
629
151
641
848
4
575
92
764
630
294
171
224
164
524
613
163
126
714
115
100
587
362
93
42
752
27
798
135
230
603
501
566
493
198
634
411
585
631
235
329
0
132
67
586
80
346
293
597
275
415
535
31
424
209
778
98
81
185
55
82
520
771
458
756
83
397
747
852
717
321
811
808
114
302
467
219
154
636
32
784
510
118
356
47
744
489
62
418
809
345
142
803
659
532
702
818
229
127
576
113
731
765
296
183
652
693
642
255
387
123
215
381
398
527
762
332
553
560
543
472
599
247
278
844
769
404
49
446
103
725
272
791
251
207
358
54
606
739
179
690
589
480
517
440
391
384
200
46
697
222
368
729
515
607
736
41
259
558
354
569
241
225
626
665
254
618
537
364
565
194
843
658
838
534
664
447
249
33
673
40
223
732
336
780
51
516
170
559
456
261
547
794
804
273
760
435
303
38
812
509
69
242
369
644
836
611
519
541
253
421
363
853
567
745
111
578
413
450
138
193
297
322
265
823
835
168
133
177
464
763
779
556
15
474
61
485
377
99
116
419
581
10
292
584
271
325
471
801
653
197
619
77
28
827
340
234
680
416
648
78
313
469
383
68
840
718
452
119
343
596
79
785
677
84
602
797
131
723
689
191
53
314
542
800
696
562
495
39
531
716
304
466
379
110
492
694
594
483
310
598
793
245
87
512
73
842
213
285
439
7
427
139
288
545
128
507
372
855
675
158
150
651
348
25
834
431
799
839
428
748
289
633
393
260
457
1
482
64
508
361
246
738
371
88
494
568
117
319
628
455
782
137
833
301
443
816
262
59
749
826
670
709
353
649
109
831
741
600
674
155
186
187
577
70
76
395
22
43
500
202
523
140
444
389
374
617
478
266
226
417
146
746
643
263
727
802
392
434
688
72
86
518
63
380
203
750
759
13
713
462
91
814
572
161
327
330
436
34
196
796
96
408
342
144
668
536
375
829
240
437
287
564
355
513
282
733
499
366
267
134
407
595
250
563
60
722
706
328
604
12
487
45
470
662
412
405
