639
390
320
409
404
738
734
89
257
406
399
22
786
396
805
583
85
817
535
595
586
200
456
164
88
796
660
578
804
739
363
598
101
611
71
567
540
733
392
554
153
34
580
213
141
69
613
284
97
420
659
504
106
829
547
725
589
460
61
72
544
654
678
634
194
516
370
150
70
258
114
374
314
781
112
113
609
431
177
247
205
844
184
2
99
627
188
793
323
519
695
614
640
826
495
356
630
131
784
671
657
50
198
403
752
311
831
21
674
259
737
347
7
794
515
603
422
235
483
357
96
514
712
294
800
217
282
472
498
366
263
136
285
408
182
210
146
565
41
746
790
850
266
181
689
802
641
776
819
424
417
486
68
427
384
478
467
624
559
192
714
594
434
307
669
371
317
530
771
174
125
274
774
105
187
463
337
413
316
154
287
801
770
202
556
787
296
444
566
382
79
129
577
130
398
845
453
782
432
207
762
763
334
778
466
545
758
339
631
475
155
457
138
354
20
173
407
555
768
268
29
692
305
66
529
395
848
704
279
713
172
599
260
736
30
91
651
9
622
44
343
42
769
251
367
230
19
532
721
522
726
80
854
226
365
823
534
262
465
18
662
26
687
221
76
11
795
610
477
525
533
590
806
328
834
286
728
249
842
36
688
635
39
623
140
618
719
102
5
49
445
452
135
696
51
57
765
212
429
255
572
839
410
841
342
550
537
310
581
43
372
421
248
250
570
270
120
244
231
24
568
191
815
308
521
574
206
461
54
385
179
110
301
58
47
195
303
527
846
267
722
333
158
441
98
163
239
699
449
108
668
561
214
789
592
856
479
646
149
443
604
100
766
327
797
265
517
350
471
697
324
401
711
433
501
269
185
3
761
322
536
732
81
147
411
500
166
352
336
220
211
40
607
803
729
364
393
677
359
204
344
338
253
225
524
216
489
749
707
780
402
835
201
325
119
245
523
648
482
682
107
74
169
458
156
351
4
0
369
447
597
448
32
222
743
809
703
87
755
361
814
824
197
271
373
208
290
792
753
412
748
569
563
209
31
487
133
694
358
832
455
281
652
656
450
75
723
23
664
830
362
685
277
405
139
494
847
502
229
644
827
438
485
818
812
377
159
643
560
272
375
241
742
751
576
473
557
798
754
215
276
808
791
779
691
83
666
683
840
701
381
727
15
772
77
227
658
493
543
490
468
330
439
128
17
386
430
813
228
379
679
14
196
759
853
548
708
118
94
436
549
672
655
416
329
546
171
312
575
346
620
593
64
298
807
92
264
777
528
446
756
157
821
126
378
388
492
740
440
391
724
56
418
52
261
474
345
811
531
718
715
469
132
705
116
186
142
236
676
700
600
716
237
621
161
638
254
558
462
702
368
837
160
647
288
394
710
585
488
183
331
816
415
37
512
539
820
383
591
82
608
33
25
291
497
348
326
747
332
775
121
176
283
162
78
234
315
63
480
785
65
653
134
16
151
428
706
760
123
387
319
115
73
833
612
178
380
273
435
582
152
626
615
278
302
117
507
360
28
313
649
619
684
168
193
542
299
35
292
573
571
318
637
633
189
10
90
224
750
84
822
852
304
509
48
496
564
137
280
300
246
167
843
632
38
605
400
425
242
423
397
584
309
144
349
764
552
223
686
788
773
731
389
518
855
645
745
111
810
46
757
93
451
484
376
553
681
6
175
828
717
203
341
321
335
661
293
233
122
252
180
836
218
340
503
675
143
232
506
629
628
511
55
783
520
165
851
67
60
13
481
59
602
419
238
199
825
124
442
744
297
256
650
219
513
505
767
720
596
849
454
606
673
541
190
562
426
538
601
470
170
240
103
353
306
459
636
104
741
127
667
243
579
437
838
625
464
148
510
12
709
799
355
616
663
476
289
1
698
45
617
642
414
275
27
95
665
690
526
8
86
295
670
588
587
680
730
53
508
109
693
499
491
735
62
145
551
