32
205
521
36
534
525
574
37
138
11
355
440
541
213
164
216
566
369
94
207
2
345
246
446
129
286
28
413
378
518
535
112
547
128
346
564
289
484
465
260
405
611
33
509
588
273
596
167
111
422
229
455
95
195
522
373
56
550
187
72
51
189
549
362
492
581
316
148
395
559
400
347
543
233
556
431
74
159
599
99
240
462
258
458
133
276
280
562
214
222
120
1
488
48
613
287
45
299
141
285
434
552
487
555
339
439
79
354
97
116
244
113
58
13
468
429
607
319
402
197
475
586
496
250
288
9
560
571
365
344
593
131
469
89
537
230
211
277
364
3
357
103
494
452
210
38
283
174
546
15
235
180
25
237
49
217
119
44
342
29
406
348
196
27
183
8
30
201
265
495
59
553
527
437
604
14
505
60
255
227
435
162
565
104
524
409
321
426
573
516
477
424
467
610
353
290
137
615
96
600
575
92
243
91
114
341
261
267
433
57
538
441
438
88
445
308
297
544
161
204
16
12
266
601
508
181
326
100
576
338
292
278
168
102
387
199
107
368
220
551
512
50
69
476
282
370
172
448
236
311
379
456
242
459
580
430
483
327
124
117
350
572
603
134
423
420
226
304
501
41
325
526
514
474
529
170
85
284
374
401
203
254
259
149
139
352
20
388
482
617
83
68
436
443
228
150
519
106
317
466
295
531
473
616
382
156
589
206
530
486
335
454
125
442
275
427
144
241
312
393
310
177
577
209
81
453
193
333
375
471
147
178
582
66
460
252
23
614
451
232
274
408
123
35
404
98
61
497
160
303
105
63
479
31
281
268
380
64
145
328
502
19
22
315
238
597
493
271
194
500
296
313
416
389
356
223
417
262
251
602
215
363
165
26
490
225
307
291
415
71
77
410
143
190
202
461
184
399
169
90
376
489
298
198
528
186
248
43
234
5
428
381
545
155
360
504
78
301
498
256
171
481
185
87
182
318
503
587
605
411
392
179
414
62
269
93
257
491
463
7
391
472
163
444
359
118
523
224
533
263
377
507
384
557
371
253
584
279
510
132
126
270
245
464
101
146
272
24
332
175
536
499
594
65
412
4
470
323
330
249
539
110
320
153
367
520
82
372
191
322
140
398
609
157
421
42
331
52
47
585
334
606
390
568
578
329
46
73
425
336
247
548
340
218
75
314
407
570
403
554
67
84
579
10
109
34
264
18
130
6
358
515
76
21
127
449
176
361
561
55
618
54
592
511
532
351
306
166
192
558
386
343
595
151
337
200
590
53
517
302
80
485
115
239
324
219
598
366
583
17
136
608
569
450
612
309
40
0
39
457
619
86
397
506
513
208
567
447
349
300
231
70
542
122
418
385
135
212
221
478
383
108
563
591
152
480
305
432
154
121
293
142
394
173
540
396
158
419
188
294
