395
436
220
314
448
71
453
439
248
528
127
604
281
442
321
568
400
493
224
420
45
92
95
495
151
617
447
350
536
236
601
594
556
555
595
553
115
610
64
199
68
348
134
73
46
81
497
235
345
422
156
461
303
485
369
571
349
5
49
125
466
611
284
147
521
411
307
221
482
581
23
320
293
153
564
52
99
552
194
3
404
440
131
278
304
522
525
327
217
474
205
387
459
548
343
296
375
312
58
527
56
126
406
383
331
70
385
487
86
43
272
592
476
241
74
118
435
449
53
159
239
579
576
431
72
208
531
481
396
413
490
535
128
457
195
240
57
263
174
589
44
378
51
101
164
298
360
572
40
77
41
171
373
530
216
258
399
471
84
157
169
415
142
372
517
181
598
488
414
229
130
518
230
29
289
423
376
614
306
237
374
561
332
302
524
424
16
328
529
114
301
8
108
250
196
144
450
562
1
515
299
226
204
389
333
55
352
325
543
244
313
355
222
510
506
381
494
323
513
456
107
50
25
246
380
136
184
13
211
190
165
197
238
472
175
123
486
538
173
100
470
514
596
166
337
295
187
163
393
268
141
207
30
270
319
366
33
203
508
351
478
62
408
533
432
388
265
578
615
21
261
285
254
608
291
587
212
110
287
586
574
341
458
469
22
347
557
353
511
492
228
300
573
179
537
585
354
445
98
90
39
260
324
143
547
416
104
154
322
15
2
609
69
93
177
365
42
602
559
479
218
198
234
554
503
138
475
4
558
499
473
225
454
409
139
483
616
109
202
516
310
464
419
180
38
504
63
214
566
111
438
463
12
390
145
105
584
597
402
219
433
227
215
277
605
509
283
256
441
11
361
158
545
398
257
275
135
200
178
193
379
17
565
18
282
242
132
6
274
19
489
401
427
505
59
290
455
28
613
412
425
364
80
167
9
315
570
191
437
357
0
468
309
356
500
176
35
544
27
619
82
368
386
593
262
467
210
79
477
358
417
10
426
102
48
338
89
150
430
172
410
186
188
532
286
213
392
607
162
54
418
384
335
618
318
520
308
560
148
362
137
47
168
20
580
292
480
484
259
540
24
403
247
326
391
155
96
140
421
185
32
563
363
507
83
7
460
342
65
269
106
97
588
183
116
276
264
122
451
121
334
502
344
133
370
569
583
255
612
501
280
542
61
279
539
189
182
152
267
60
582
600
266
367
551
253
34
201
31
577
330
67
590
519
534
407
232
541
209
377
603
428
119
88
405
288
85
94
496
129
346
336
14
252
443
452
66
465
113
231
91
146
245
316
223
397
273
429
243
382
78
170
251
575
523
317
149
526
498
371
329
249
233
599
305
512
103
394
120
124
340
112
339
76
294
444
359
161
37
606
271
546
434
446
117
462
549
567
160
192
87
26
591
550
491
297
311
75
206
36
