193
456
364
329
132
31
511
370
46
359
362
337
398
89
84
395
72
287
127
85
227
356
205
340
591
33
499
198
544
143
593
93
558
69
386
272
415
246
546
610
531
571
549
442
18
595
26
470
17
346
363
14
286
305
217
444
555
147
304
280
598
404
367
567
353
295
58
254
350
581
399
556
324
276
392
617
112
326
53
314
237
319
492
475
389
433
55
107
411
0
60
412
128
493
199
13
291
159
251
195
572
596
452
1
52
170
3
242
397
428
472
271
175
349
215
616
153
536
371
343
504
336
70
481
139
49
86
146
161
165
209
534
601
540
21
474
230
225
409
401
113
30
218
431
372
98
130
469
486
171
501
245
368
334
425
54
11
615
154
303
248
607
500
142
299
292
550
402
116
25
342
42
196
264
71
507
574
454
270
155
487
385
88
211
438
73
103
369
47
9
283
45
561
109
535
578
464
265
568
446
458
570
75
285
261
437
407
252
105
602
135
82
447
173
169
548
120
311
57
323
502
489
80
491
320
327
479
455
528
503
297
321
325
224
262
365
149
207
459
27
43
121
106
32
300
281
134
296
543
79
609
482
611
588
523
212
406
547
522
384
322
381
158
589
200
517
267
388
241
306
430
378
373
289
166
118
23
258
141
67
274
266
377
119
521
510
34
450
436
208
605
312
576
612
421
188
243
81
210
114
182
187
468
222
391
426
494
194
335
65
278
508
233
527
600
530
301
587
275
259
99
6
239
110
560
532
37
618
554
172
434
374
185
565
268
302
83
583
497
451
352
348
256
284
20
117
592
66
59
177
410
137
290
586
138
90
575
416
61
111
328
339
516
393
515
221
488
202
214
417
151
308
255
206
551
63
613
331
168
584
186
125
317
432
477
427
24
518
599
439
228
566
95
360
473
101
184
129
180
379
157
435
39
332
247
606
234
380
124
443
594
422
603
213
197
557
338
539
445
178
519
216
387
160
219
429
466
240
526
298
16
232
273
533
462
167
471
136
496
310
537
485
250
62
307
403
597
145
226
122
12
405
351
249
183
28
465
315
293
590
29
7
203
131
44
383
152
330
92
354
341
413
347
51
253
48
10
525
77
318
309
235
316
74
333
483
282
190
22
619
424
36
382
582
509
538
418
545
498
133
514
484
41
220
64
396
4
345
108
449
400
563
542
453
201
408
279
96
579
181
358
604
263
97
87
513
457
156
423
441
78
294
56
541
174
35
179
440
236
68
553
257
5
176
38
585
126
448
50
552
115
480
614
520
8
288
375
559
244
461
478
15
573
357
192
490
506
189
463
394
204
164
269
40
344
76
277
2
564
569
238
260
419
476
495
94
144
104
140
512
191
414
361
524
231
562
102
608
420
460
580
390
229
150
148
366
467
355
123
376
19
91
223
162
529
313
163
577
505
100
