584
262
66
542
471
564
408
367
110
582
561
36
603
419
619
101
478
214
15
569
90
583
315
349
108
393
226
209
339
249
190
121
86
462
48
52
187
85
154
425
549
6
571
576
235
158
431
206
575
552
386
111
278
196
508
313
173
201
175
92
273
104
388
505
467
46
461
525
423
617
435
403
407
269
311
37
495
519
58
176
12
513
14
524
329
454
307
24
35
489
69
242
183
13
189
308
50
26
390
151
332
600
5
302
460
503
42
261
325
70
412
453
578
198
186
429
506
427
548
192
168
472
452
178
294
446
185
359
459
283
439
580
79
382
218
440
551
514
384
422
340
91
568
62
406
381
256
97
318
113
378
224
484
32
16
55
373
67
526
409
502
160
77
114
243
212
496
193
144
296
38
228
222
597
528
109
541
266
312
61
138
112
98
361
387
335
25
259
174
413
264
370
22
337
511
369
150
290
141
328
410
164
401
353
595
107
449
19
343
93
45
117
458
598
612
279
54
610
572
517
436
265
280
223
288
491
501
411
589
596
547
297
356
169
532
300
417
255
544
529
618
179
94
553
482
391
608
455
368
246
208
213
65
148
71
587
167
21
53
159
134
394
57
136
56
84
379
115
28
433
533
354
1
415
80
253
507
282
492
592
450
522
573
120
375
60
188
194
465
289
515
103
534
579
609
333
137
304
570
184
470
320
177
437
546
267
258
319
250
0
260
102
181
106
565
554
133
348
127
59
10
355
363
225
129
392
147
135
405
291
299
153
577
498
165
389
227
89
358
30
4
139
68
331
558
376
474
47
486
523
351
100
17
457
430
316
509
241
464
41
380
586
557
215
11
428
163
33
469
155
344
75
500
210
237
559
530
396
477
327
364
203
204
199
305
538
479
562
345
161
83
286
613
550
284
510
76
314
230
456
238
443
466
130
323
180
432
490
476
172
441
123
254
27
236
232
383
292
480
78
614
371
23
73
39
244
132
385
444
49
18
146
451
96
322
64
205
140
504
3
247
306
605
442
285
44
483
118
416
166
122
365
251
195
63
217
99
475
156
516
497
374
445
362
545
74
191
31
485
563
399
8
182
521
295
330
105
468
499
555
366
51
239
593
149
277
128
438
324
357
567
591
601
402
602
539
310
124
40
131
276
414
34
274
397
400
372
72
125
220
268
426
248
581
157
202
346
162
87
20
599
594
270
585
321
263
298
420
7
326
574
616
350
245
518
221
537
421
336
303
611
531
200
338
309
170
219
536
29
272
88
257
352
590
473
360
566
540
197
334
341
588
234
448
606
281
171
535
287
301
434
143
395
142
543
9
607
116
216
463
119
152
126
487
211
377
447
233
560
207
556
404
493
347
252
488
615
398
424
2
81
293
494
604
271
229
317
43
512
481
418
527
520
95
275
231
82
145
240
342
