295
453
187
459
320
134
581
94
21
458
511
72
241
9
470
528
461
352
378
257
571
412
181
222
36
190
375
510
561
338
66
142
341
286
201
109
300
321
108
151
155
192
595
394
395
350
52
441
448
171
193
454
219
139
535
455
534
450
33
428
55
60
292
434
558
566
361
332
77
430
578
604
285
519
161
307
355
545
117
409
80
118
267
420
288
484
86
451
266
351
165
583
12
615
125
541
311
567
404
436
27
491
328
347
489
533
589
495
316
408
514
494
215
104
327
132
550
478
158
13
198
539
411
75
224
348
391
259
438
433
619
616
136
492
113
467
598
365
135
388
47
460
330
89
73
579
99
178
418
236
235
43
293
90
177
269
70
457
372
323
79
343
325
112
520
413
291
93
379
536
396
268
612
502
516
303
262
32
483
329
272
157
221
608
333
383
44
531
518
555
397
473
565
563
301
150
276
62
67
11
87
390
354
53
452
298
56
64
281
180
606
2
617
414
220
162
443
426
228
284
465
172
239
431
417
40
25
277
120
574
387
271
279
273
532
527
544
274
538
6
540
23
69
128
0
159
34
367
138
314
613
319
20
199
282
582
49
24
238
609
18
103
369
385
562
299
424
362
359
587
564
265
498
213
503
232
342
10
242
203
506
280
195
122
618
370
523
289
479
508
368
505
256
381
261
212
410
382
188
559
481
204
249
305
197
131
422
231
133
46
206
270
175
419
586
313
529
143
573
208
191
597
182
243
591
537
600
400
59
549
48
594
423
218
189
486
97
499
444
575
74
485
476
488
106
376
501
8
335
121
360
402
168
429
174
65
346
344
358
78
585
446
19
493
154
216
588
374
525
63
468
471
57
176
592
406
111
500
152
17
345
304
602
509
81
407
278
462
16
129
51
557
522
490
317
596
126
156
515
611
287
217
247
225
186
306
475
392
4
548
463
226
526
487
283
115
207
456
54
469
576
357
37
474
393
147
593
482
356
170
447
466
553
184
530
542
248
234
91
102
590
308
513
442
145
244
568
39
371
464
445
15
246
324
366
196
124
517
84
449
42
163
30
275
440
543
45
95
560
41
610
205
35
601
389
255
524
85
211
166
556
183
401
58
229
173
373
603
363
28
572
29
334
38
547
167
149
569
137
50
584
546
337
554
427
100
194
116
577
169
210
119
254
512
98
148
425
507
258
202
339
253
326
105
214
322
399
250
315
384
92
22
88
353
439
230
570
252
432
164
140
146
480
599
110
403
114
14
398
127
309
200
364
331
83
71
312
318
251
26
101
209
340
496
380
160
607
472
377
153
141
405
179
237
227
130
7
123
310
240
421
552
336
263
477
551
580
296
233
504
245
302
605
297
416
76
435
185
349
386
614
264
107
437
415
144
31
497
521
5
223
3
260
1
96
82
61
290
68
294
