406
596
142
412
222
419
77
219
350
534
194
247
402
30
268
613
556
261
378
345
551
535
242
608
250
235
401
147
606
291
99
1
299
593
328
231
347
79
543
155
324
513
548
3
168
5
480
438
215
143
542
276
396
547
527
207
391
298
121
523
482
169
560
498
445
566
191
494
380
262
465
617
451
304
15
150
333
400
595
588
616
9
479
39
514
116
447
25
602
446
196
65
525
511
43
502
138
313
69
209
148
381
36
388
23
528
618
149
589
520
225
203
509
106
318
492
264
389
435
216
506
86
311
35
111
552
48
173
210
398
403
496
51
103
85
40
427
269
309
310
55
110
605
33
289
91
17
190
95
165
532
466
373
171
145
437
358
404
614
195
326
227
297
431
131
424
510
334
76
471
4
97
529
233
549
112
253
382
370
516
224
594
115
60
501
420
12
563
601
186
565
105
156
2
305
386
609
530
157
607
136
161
421
469
200
141
47
144
418
425
455
192
63
282
281
71
70
500
137
439
92
176
163
452
50
46
113
415
372
270
384
98
239
392
591
134
57
300
37
104
432
368
129
467
107
260
20
590
238
569
83
82
164
122
45
367
436
460
206
187
550
570
217
463
123
457
497
512
600
448
598
541
485
117
277
14
232
322
524
293
59
441
102
67
84
508
109
364
337
286
166
592
211
188
561
292
21
114
533
473
393
537
223
383
319
576
8
26
279
214
340
577
64
241
296
394
407
583
603
54
387
88
615
52
611
31
234
68
283
475
314
449
416
237
78
125
302
152
454
507
515
568
32
341
327
423
499
266
153
397
38
323
267
571
518
10
470
230
546
229
75
273
489
459
521
440
172
342
587
6
80
285
119
204
585
189
316
413
290
66
586
356
339
124
354
599
360
349
371
263
450
557
294
178
453
429
140
56
335
183
461
120
488
245
251
346
597
154
53
395
62
352
409
472
414
133
41
493
61
244
7
351
481
128
517
90
361
288
193
96
220
236
573
24
332
16
558
201
359
522
199
390
321
375
287
197
363
331
93
428
317
89
108
127
72
29
179
228
259
34
574
307
369
248
208
177
562
619
504
336
27
271
487
579
343
362
444
426
49
554
198
505
44
376
170
325
353
87
544
252
272
410
308
254
584
303
280
581
185
151
503
399
468
348
312
295
417
159
175
246
265
580
126
355
338
545
464
167
18
357
101
434
258
81
130
539
474
575
538
213
430
405
366
519
567
202
162
0
553
582
22
19
174
476
478
526
257
379
330
158
315
255
180
73
377
531
275
578
13
320
278
74
540
456
385
442
458
240
100
94
483
135
243
249
274
604
218
146
374
422
610
181
221
555
226
408
182
160
284
139
612
484
564
486
212
344
58
443
42
411
462
490
536
184
495
301
256
491
11
132
572
306
559
329
433
205
28
118
365
477
