78
51
490
393
358
239
236
56
123
513
552
473
569
227
64
222
45
536
599
299
182
343
20
392
162
503
216
203
500
306
381
285
595
469
545
135
523
579
309
108
477
564
479
198
9
16
409
210
176
46
539
426
563
127
257
615
422
142
348
606
594
322
84
98
365
461
577
186
551
209
79
44
373
101
55
67
238
355
191
429
410
113
335
448
97
189
256
534
185
240
41
617
172
405
602
326
506
303
547
226
542
452
308
550
274
370
154
492
541
278
499
566
148
296
255
313
32
590
70
509
601
444
318
171
22
266
379
104
384
288
543
447
353
72
155
463
357
609
314
529
324
515
52
300
279
319
425
616
100
349
561
454
61
478
105
124
217
607
40
484
259
196
269
501
181
413
25
177
354
48
366
517
412
199
62
69
570
400
402
568
248
487
94
533
372
88
99
334
346
231
613
270
81
159
147
13
157
385
178
220
356
612
537
488
502
555
277
130
538
192
310
438
201
376
179
574
332
249
586
352
85
489
202
281
197
258
289
485
267
394
598
290
60
618
221
481
253
211
206
225
383
150
600
229
276
92
611
7
432
200
507
286
144
367
204
588
121
129
115
168
12
34
194
164
397
368
126
195
175
435
540
106
585
137
528
291
2
233
208
19
391
36
33
77
241
76
245
548
378
441
360
145
180
298
14
553
21
116
516
93
591
476
301
587
581
437
260
54
459
572
450
3
465
375
387
311
333
250
264
451
589
23
443
254
49
224
207
597
275
166
120
605
480
134
184
35
132
434
188
342
75
247
215
95
153
482
347
146
404
131
187
395
292
377
361
213
562
560
305
423
102
329
323
475
442
244
80
439
486
5
141
112
416
567
345
74
50
614
237
428
578
571
576
57
302
170
42
556
96
53
47
165
317
575
433
440
11
351
371
374
604
344
68
610
65
58
232
139
546
495
472
18
337
582
557
388
118
603
380
251
338
133
89
205
125
596
549
190
390
411
163
283
467
403
212
544
284
327
396
530
63
497
580
91
498
261
494
559
330
30
6
519
28
535
320
160
406
128
90
521
111
169
583
262
414
268
471
83
122
321
4
24
531
119
527
140
29
117
151
173
8
174
363
510
350
158
161
287
359
386
136
1
453
382
483
491
271
87
304
242
252
228
103
460
39
37
584
505
389
263
107
295
31
114
593
418
43
219
234
466
149
512
86
455
110
526
265
73
0
462
474
312
362
525
592
504
417
431
341
331
59
294
218
26
493
66
424
445
419
468
339
235
307
619
273
230
193
449
458
436
399
243
223
401
246
27
183
156
518
82
10
573
420
143
167
565
514
17
508
511
446
109
415
407
470
421
558
457
496
456
38
408
280
336
522
152
364
316
608
71
524
282
297
138
430
293
532
369
214
15
272
464
340
325
427
520
315
328
554
398
