473
513
114
412
474
511
339
512
480
166
149
383
23
519
274
582
462
260
279
613
51
157
606
389
418
347
499
8
204
369
135
56
284
366
301
477
293
208
142
562
275
481
514
310
42
216
442
155
299
154
111
193
201
182
563
224
523
107
341
392
266
609
571
95
367
438
425
460
463
254
102
594
592
44
361
215
374
465
540
207
363
217
520
521
599
417
311
4
410
175
558
272
441
197
297
502
617
574
89
575
490
344
565
603
151
485
73
196
108
264
353
98
153
161
428
119
533
377
486
36
365
350
93
15
579
12
435
199
97
185
411
200
604
372
72
282
268
76
393
382
122
506
612
237
156
13
573
277
50
313
567
271
49
270
464
414
225
273
32
82
39
140
19
553
444
104
306
280
68
492
24
550
541
345
542
400
453
338
527
92
37
290
172
561
211
440
312
328
443
189
267
289
298
356
235
231
362
171
170
597
219
321
605
472
348
420
67
406
403
402
203
593
181
307
47
258
337
379
281
544
295
70
85
222
99
501
262
396
278
296
276
526
206
487
469
48
6
1
587
368
354
390
484
184
455
598
373
482
346
190
545
576
25
475
132
22
79
41
566
430
60
112
158
173
329
349
220
84
94
385
46
10
147
497
183
256
342
303
90
252
468
371
159
416
309
127
516
236
55
419
614
230
388
532
118
586
0
415
146
397
143
3
179
11
555
327
186
115
246
531
535
505
74
316
9
524
116
221
77
128
394
5
522
145
168
456
581
243
165
500
496
370
551
454
261
422
33
141
331
188
330
408
239
352
401
381
178
174
20
320
62
325
160
52
133
144
378
245
209
192
359
429
539
121
152
176
479
80
427
333
43
61
259
498
332
30
109
528
81
314
494
538
96
229
489
615
557
194
536
31
445
248
91
103
322
547
413
241
38
35
449
618
404
483
263
250
478
616
324
162
395
488
302
491
340
106
424
510
226
14
336
596
113
601
180
548
560
205
167
584
509
585
570
150
214
387
619
495
87
53
232
255
433
375
234
300
398
75
380
432
101
137
610
457
213
525
515
364
437
546
123
436
461
164
177
552
608
244
405
100
195
504
117
595
537
450
434
21
88
559
227
580
451
423
291
202
530
139
556
45
578
65
242
549
591
17
305
459
384
399
228
265
28
292
257
169
269
476
447
590
251
120
602
16
503
86
294
611
386
7
529
534
198
357
126
360
471
163
110
223
439
466
57
212
467
210
125
409
517
452
130
27
458
334
64
426
283
288
308
18
247
507
218
105
589
358
129
138
29
407
569
508
285
607
54
59
315
69
431
470
568
58
124
335
191
317
564
376
572
131
136
233
543
304
71
554
351
240
287
2
34
134
326
446
448
238
323
600
187
148
318
355
577
253
319
66
583
343
391
518
249
78
40
286
26
588
63
421
493
83
