574
462
49
617
206
459
72
362
260
618
300
564
487
536
122
29
144
441
44
448
499
407
367
164
405
321
401
612
10
249
406
328
341
57
201
248
99
183
28
213
554
41
490
601
31
3
233
330
302
309
555
291
399
434
318
58
208
285
138
66
11
304
585
548
225
244
245
119
97
567
327
535
410
493
226
481
427
530
428
436
196
209
294
197
460
156
464
26
346
214
597
274
609
13
532
130
267
539
507
333
452
549
369
337
280
552
61
33
14
157
463
540
461
9
396
278
616
124
334
165
402
610
77
524
465
45
103
411
65
359
173
271
113
38
218
558
615
293
602
53
437
137
104
342
316
108
84
331
126
393
419
594
479
80
292
194
8
364
237
310
261
613
400
408
545
488
125
142
120
600
577
506
571
40
378
121
19
370
381
24
614
433
570
39
276
277
170
169
279
152
315
46
501
295
93
455
361
350
21
533
423
365
354
48
526
20
569
4
376
424
508
573
73
374
547
314
592
223
111
529
115
322
189
168
47
489
305
54
145
34
171
177
270
191
266
299
511
85
215
228
95
444
590
37
51
220
360
166
347
383
496
17
27
619
257
409
18
541
227
1
62
135
143
175
155
589
443
311
217
94
82
557
417
578
131
431
478
389
275
582
384
0
190
30
88
403
90
476
425
68
451
466
319
22
174
450
500
477
153
380
134
2
298
534
282
469
179
297
256
203
232
102
379
467
352
301
207
373
199
520
79
494
89
211
329
238
611
146
377
521
36
599
141
525
566
510
234
528
313
129
181
123
12
86
580
210
435
158
475
332
187
149
188
127
513
182
453
517
92
565
422
163
96
241
239
252
64
184
250
504
503
307
296
222
560
363
312
6
83
74
23
523
576
394
251
388
579
587
159
502
607
336
269
147
495
324
268
69
172
284
591
442
263
204
421
32
387
416
515
551
351
474
325
412
516
449
288
195
15
398
527
575
287
397
468
167
259
185
483
242
553
335
447
63
50
372
606
438
568
586
16
522
420
112
486
562
339
471
320
205
98
559
413
91
603
109
255
193
70
150
132
605
148
440
116
604
550
338
512
323
498
56
583
542
118
593
60
349
382
52
106
371
391
289
308
235
253
100
509
42
544
343
262
229
491
139
283
353
473
219
572
290
101
160
505
7
415
595
439
357
519
110
231
198
224
136
35
59
454
429
366
221
584
87
281
67
247
563
76
230
404
176
236
317
581
114
71
265
162
588
43
596
386
368
598
390
385
117
608
480
430
180
273
348
482
418
128
358
537
140
186
456
395
414
543
25
445
75
154
497
432
243
484
272
55
286
107
202
133
264
446
78
240
531
457
212
246
81
344
192
561
375
151
556
356
303
216
161
518
538
355
392
200
306
492
546
472
258
340
426
326
470
458
254
485
5
105
514
178
345
