295
57
399
498
494
550
229
322
607
21
384
472
372
325
168
305
275
236
470
517
500
273
435
473
504
35
497
65
107
368
280
414
132
398
223
388
204
344
300
618
538
408
286
211
442
111
283
537
520
421
583
274
6
570
219
128
164
599
16
239
559
297
30
193
75
611
314
479
420
125
438
303
37
117
62
252
562
258
576
594
597
546
216
506
146
584
14
66
605
192
401
262
83
290
100
543
441
234
126
72
526
174
477
40
86
180
63
376
323
422
170
317
456
105
143
210
207
148
557
541
502
172
208
259
222
524
482
130
202
407
395
244
466
544
427
318
617
614
419
142
565
572
585
362
434
306
140
343
254
475
281
522
17
367
24
264
47
564
71
370
349
556
129
513
334
253
284
97
510
59
9
115
397
542
449
459
175
299
436
337
579
28
598
364
271
582
87
209
533
382
552
575
353
136
241
379
492
569
608
437
536
185
378
124
503
460
73
587
291
285
528
245
432
263
330
380
563
108
8
169
199
554
221
365
246
315
56
3
279
0
320
491
156
592
69
604
89
329
203
167
616
101
19
39
70
44
98
7
292
356
171
321
404
45
64
251
509
33
296
448
600
480
547
176
433
67
247
619
327
527
233
390
20
25
499
591
81
462
50
409
90
319
225
27
518
232
413
182
446
159
106
61
22
540
374
373
463
501
36
214
394
532
249
149
445
507
218
485
104
440
173
453
265
523
375
200
461
301
74
424
430
464
43
405
155
184
11
122
79
508
266
52
586
188
347
505
31
316
287
383
310
566
235
10
230
352
351
561
135
58
493
194
612
483
289
133
269
387
196
18
590
228
144
530
165
78
68
131
250
377
410
54
178
99
198
77
15
601
206
261
123
333
82
516
568
119
426
138
578
450
227
139
511
476
212
166
243
535
113
256
213
534
302
13
49
402
606
525
489
490
457
573
571
26
112
411
288
549
226
93
512
415
581
467
423
454
121
354
385
190
224
312
55
580
484
595
474
307
153
487
458
324
293
389
609
91
553
481
161
187
468
282
23
309
602
431
311
116
406
371
369
412
48
94
588
1
339
304
496
567
358
12
191
416
270
355
96
88
42
519
109
201
361
425
110
393
238
152
495
328
157
179
215
51
345
4
267
150
145
53
596
555
141
260
558
60
392
381
308
452
163
539
366
486
335
80
346
5
237
84
357
429
278
183
127
240
593
326
610
195
417
294
2
257
272
577
189
162
268
242
340
471
443
118
478
217
158
277
102
248
428
342
350
298
574
220
85
515
76
134
403
92
348
29
186
391
439
151
177
103
589
560
160
313
331
154
95
451
386
400
231
137
32
38
444
455
531
514
465
336
447
615
521
603
363
197
255
46
551
613
548
114
488
529
332
181
147
396
545
469
360
359
418
276
341
34
338
205
120
41
