534
512
69
106
198
344
92
207
263
249
487
429
30
535
110
447
142
278
239
48
414
290
497
81
157
49
135
356
179
52
305
96
187
530
17
334
77
71
57
114
337
443
178
23
232
218
507
482
433
155
442
269
227
230
361
122
395
177
172
261
10
295
254
119
423
498
403
223
202
436
476
213
6
288
267
392
484
15
7
454
504
465
501
338
41
343
282
329
126
368
89
396
12
39
398
319
355
156
151
428
222
40
46
208
171
271
195
8
437
418
112
68
193
251
274
55
503
313
492
451
346
450
132
42
508
183
107
214
248
140
9
479
417
189
188
531
525
389
182
335
455
307
378
185
350
5
354
63
360
192
201
457
54
237
194
250
176
0
82
226
408
94
502
365
165
375
167
244
452
296
453
366
86
100
159
113
14
200
324
44
22
85
405
78
519
390
139
367
129
147
118
152
406
362
115
315
148
357
341
474
460
186
2
215
326
204
377
29
496
175
478
342
197
517
516
448
28
318
459
125
169
298
229
394
231
83
210
456
166
475
241
438
480
196
268
242
277
238
141
314
73
266
143
523
293
321
509
37
1
20
120
435
432
16
416
499
245
458
347
434
280
205
323
397
272
300
477
312
449
391
445
25
489
235
381
18
506
401
372
243
471
105
301
382
463
225
284
399
331
50
440
279
286
302
339
56
58
275
180
303
370
340
164
31
265
348
466
495
173
256
127
291
345
526
386
308
76
490
199
309
60
402
349
134
373
439
410
412
21
88
219
27
281
427
468
145
330
109
258
136
32
117
393
130
510
363
467
325
101
260
532
481
24
146
72
19
47
84
473
521
191
246
364
515
430
522
486
464
353
217
333
34
216
441
257
121
209
283
190
472
38
116
332
310
400
64
259
26
529
388
371
236
470
111
206
385
444
35
336
212
264
99
289
316
500
413
67
53
383
228
380
411
3
359
407
123
304
150
138
108
211
51
299
518
488
528
294
90
431
252
511
328
62
469
59
297
285
33
4
161
379
43
292
220
97
253
255
276
158
513
425
87
387
133
527
317
36
424
320
533
505
404
420
45
493
144
75
168
104
153
421
358
154
174
422
376
483
234
103
95
131
162
491
247
149
409
61
311
124
128
240
102
65
287
446
415
80
66
270
384
11
79
203
514
327
520
184
322
494
524
462
224
352
426
419
351
461
93
163
74
221
262
181
160
233
374
170
98
485
369
306
91
70
137
13
273
