240
14
218
125
377
421
470
269
152
246
394
304
321
216
273
224
303
137
527
91
27
296
257
138
265
439
150
474
455
449
19
316
367
180
535
6
416
309
317
23
415
387
413
294
368
178
136
357
226
501
409
34
104
127
480
92
87
408
530
382
523
253
84
42
225
388
363
451
418
162
28
103
234
59
504
359
44
54
22
252
461
168
528
333
75
248
519
230
279
116
79
192
118
277
8
195
18
473
355
185
490
420
499
302
320
30
379
194
482
117
358
502
392
5
417
466
371
233
198
478
231
506
93
456
346
196
71
101
206
83
300
437
484
48
436
287
24
46
258
3
532
524
251
149
245
249
491
208
274
139
64
262
434
37
157
167
276
291
508
281
58
479
202
412
197
448
516
322
425
161
325
264
143
35
334
250
263
450
289
498
384
173
69
176
166
108
172
1
133
126
521
186
307
335
361
78
410
244
471
305
97
73
215
441
510
144
440
326
7
130
360
492
169
207
63
319
272
62
487
99
477
85
481
221
426
209
98
327
428
518
318
211
189
505
286
372
223
315
243
462
429
463
283
90
81
432
458
193
121
324
503
445
337
105
311
331
380
310
356
495
9
199
344
446
128
237
378
343
170
70
175
107
29
369
41
301
336
444
298
452
525
203
214
217
386
80
171
366
115
88
395
86
292
52
182
213
148
397
339
95
33
293
438
60
398
430
111
517
271
40
509
497
404
66
280
308
131
123
16
488
465
261
295
266
242
472
228
290
385
183
164
141
407
135
236
533
4
140
239
414
120
459
256
109
112
254
89
342
11
424
328
348
47
353
514
227
94
401
188
297
522
51
205
158
55
255
469
347
351
191
453
132
443
396
282
110
238
483
349
259
145
159
201
365
229
423
486
403
260
278
220
313
454
190
306
391
17
419
12
338
38
204
400
362
364
493
513
312
181
50
390
531
500
113
146
422
435
96
520
468
399
65
406
433
210
74
460
122
184
39
0
142
129
151
77
232
20
381
383
155
154
442
270
25
393
447
235
102
476
275
36
179
147
26
389
411
247
76
457
156
68
511
345
212
153
284
512
32
82
13
285
10
376
177
72
494
124
341
323
375
427
329
475
373
15
489
405
160
431
163
354
134
529
467
57
2
241
45
402
340
464
507
534
61
299
49
43
200
219
515
56
67
53
119
350
222
21
352
496
374
288
165
267
332
31
485
330
174
114
314
100
106
526
187
370
268
