175
451
385
9
330
247
14
350
371
157
110
454
430
45
235
2
202
463
125
296
450
189
272
203
361
267
377
279
297
482
510
478
428
356
123
343
473
415
149
305
167
261
317
246
121
518
218
480
227
531
284
467
334
304
525
135
37
180
50
88
483
308
13
22
239
7
141
258
358
393
210
188
238
481
391
407
144
147
8
301
234
164
134
275
11
491
416
243
414
293
245
62
464
230
104
394
131
43
373
85
207
321
504
286
179
469
168
419
427
283
329
278
404
503
91
3
21
431
437
508
522
244
98
86
118
240
126
109
97
516
505
362
277
436
514
445
440
513
181
232
224
379
233
533
298
151
57
143
173
82
282
527
256
331
449
182
242
176
255
332
60
351
216
201
53
120
65
41
476
498
111
44
108
17
497
383
66
75
397
534
333
231
405
466
471
434
357
222
73
474
260
365
145
133
535
529
312
12
152
364
288
212
194
324
418
339
465
96
457
84
6
29
528
71
95
195
92
55
197
360
314
268
490
172
63
307
446
448
500
241
532
325
196
399
337
295
209
90
426
326
363
174
100
346
162
19
124
153
367
381
229
105
495
475
425
318
396
183
507
512
192
198
79
184
290
142
263
4
355
327
27
15
34
103
40
16
316
349
460
274
319
420
249
148
285
166
521
136
447
217
468
369
237
340
150
390
276
199
139
345
270
444
25
353
221
190
433
248
323
200
292
205
28
395
403
36
170
429
211
161
376
262
432
485
306
185
338
303
477
439
517
169
193
72
372
459
530
191
154
442
225
208
299
280
46
83
401
101
421
499
213
178
352
23
70
313
400
54
69
219
502
10
116
254
472
320
411
486
294
113
76
146
155
386
77
402
264
171
107
520
501
78
165
375
374
389
5
61
38
80
335
392
114
138
456
265
18
348
409
89
106
87
30
424
251
81
342
526
443
496
226
187
51
328
422
302
387
511
435
266
26
42
99
47
441
488
49
458
347
479
129
93
58
68
382
215
462
366
52
31
310
413
56
287
309
315
67
523
461
271
156
250
410
398
127
291
252
388
59
102
455
273
132
253
177
257
128
223
341
140
204
487
163
484
384
24
269
130
494
453
119
311
354
359
289
1
220
515
137
160
380
406
115
408
493
509
122
524
186
492
0
228
158
417
506
35
32
336
344
74
236
206
452
423
370
489
368
94
48
281
117
214
259
519
300
159
322
39
64
470
412
112
438
378
20
33
