113
290
306
226
43
168
484
35
469
227
402
117
403
414
7
116
342
383
232
317
45
415
520
378
411
391
163
140
473
236
237
358
58
275
133
23
445
316
146
72
499
105
456
189
61
46
26
337
459
216
123
470
230
238
347
176
324
506
257
221
231
159
281
214
259
223
215
369
244
101
206
186
93
145
5
472
68
465
448
353
55
325
303
95
308
343
141
387
158
397
361
531
344
109
493
134
50
139
443
307
478
152
171
460
169
435
289
180
195
213
304
203
522
202
185
110
479
407
107
198
500
405
253
13
129
60
63
492
497
29
419
461
339
299
509
430
85
356
362
309
399
24
125
530
367
288
396
354
334
150
438
121
196
510
36
410
313
300
319
357
486
262
103
278
90
266
404
385
240
471
489
38
183
501
429
355
346
3
98
341
135
271
376
162
392
175
21
234
120
527
157
329
519
491
249
514
283
220
128
336
423
393
431
487
434
446
481
256
457
359
483
260
99
326
40
136
92
79
505
285
371
426
62
272
91
416
132
87
453
233
235
14
433
217
525
142
524
286
502
360
32
148
78
475
464
314
406
297
384
69
75
427
535
37
311
532
474
279
28
250
323
25
27
65
179
115
280
17
41
310
201
71
73
401
529
450
228
222
6
277
386
340
305
312
284
199
388
48
264
452
418
248
178
498
167
49
496
106
390
197
47
247
273
348
379
439
287
467
422
20
451
8
292
83
352
420
194
523
398
512
345
51
528
444
301
33
225
269
209
100
161
413
504
88
4
408
84
155
1
365
395
242
449
480
124
508
380
118
114
190
130
166
482
31
16
265
2
9
428
56
74
254
86
64
432
335
349
252
293
143
211
377
207
400
153
513
0
67
295
137
12
10
241
447
108
70
170
375
112
291
205
258
318
219
53
66
298
267
127
417
191
477
144
57
181
409
372
174
188
276
54
466
455
80
364
490
138
210
350
97
425
436
382
245
164
321
81
468
187
19
59
462
274
394
160
76
463
18
503
302
246
515
172
476
192
184
122
328
149
495
243
368
437
208
332
296
111
22
263
204
102
485
82
224
251
156
533
494
119
261
39
151
412
44
338
518
30
282
511
182
507
131
229
154
454
440
193
363
322
268
517
200
320
34
331
52
526
177
89
374
315
96
94
442
104
488
373
441
424
270
327
11
351
381
147
212
165
389
218
294
370
255
330
534
516
77
366
173
458
239
42
333
126
15
521
421
