516
278
307
30
119
112
244
304
255
423
354
528
426
153
241
398
408
310
27
526
40
182
265
494
229
197
461
191
104
260
482
56
120
325
521
238
469
117
93
23
289
32
368
43
178
184
333
383
212
339
535
525
141
448
0
440
319
130
393
66
358
301
317
201
72
486
133
217
378
462
490
495
68
228
282
352
192
321
430
79
502
207
179
90
436
168
140
394
467
107
420
313
286
341
345
320
422
149
137
42
51
248
210
240
392
267
332
167
58
41
297
85
151
331
272
522
129
125
166
365
4
311
295
476
176
421
367
360
356
190
154
292
414
478
11
67
9
473
404
220
492
208
1
8
399
534
171
432
223
529
451
524
344
28
224
231
114
144
425
194
349
211
438
94
33
300
78
434
491
2
376
334
520
337
83
427
336
507
16
511
54
287
185
49
100
403
263
213
261
162
250
290
328
221
464
493
181
113
91
505
88
514
245
256
99
346
202
134
172
455
47
379
314
527
73
222
19
406
385
415
501
481
31
187
441
235
82
131
416
35
471
20
364
530
375
428
371
126
53
372
435
503
196
81
424
143
532
291
239
234
517
121
87
338
214
359
65
76
106
498
237
479
14
294
84
366
431
500
24
266
198
218
80
417
146
3
18
232
410
452
101
350
195
377
351
275
531
52
457
477
277
342
253
46
22
124
518
270
163
407
445
71
150
429
251
437
17
48
335
510
506
384
273
6
226
269
515
293
296
475
233
204
12
362
188
322
155
355
315
173
329
400
135
92
161
98
390
387
7
205
61
306
70
326
419
10
357
246
463
105
158
37
77
483
523
39
374
177
165
110
63
59
180
444
15
249
519
340
442
252
324
102
122
299
5
480
236
369
45
533
103
465
497
139
13
283
69
312
316
489
25
276
50
230
284
309
418
318
460
401
459
60
96
175
468
215
449
193
242
513
75
200
380
258
55
170
381
164
279
183
487
271
391
216
225
370
136
409
86
89
132
504
64
247
458
21
227
262
156
243
466
472
439
108
386
361
388
470
118
62
402
373
396
97
288
397
348
109
219
259
302
186
343
281
44
148
305
447
142
199
147
127
115
454
453
34
128
327
395
456
509
264
484
116
111
280
450
123
95
389
174
496
347
446
412
189
411
159
145
303
443
38
413
308
209
330
206
152
29
433
474
26
298
36
157
254
512
323
169
363
488
285
485
57
508
138
274
268
353
160
499
257
405
203
74
382
