318
35
402
482
461
47
18
290
12
254
333
470
178
83
395
145
176
244
232
249
0
282
257
9
316
299
347
423
508
434
96
170
392
7
328
515
525
454
208
243
465
197
127
151
142
386
42
97
420
258
6
273
418
313
394
523
219
194
129
1
262
123
206
216
101
413
303
492
61
41
330
128
177
510
519
288
44
87
235
100
524
389
473
265
325
88
287
104
165
384
428
356
89
309
355
261
263
15
146
443
289
382
297
229
431
381
33
172
483
317
251
246
183
437
532
144
55
95
242
408
377
440
501
329
2
39
73
193
253
374
286
323
327
362
499
189
358
191
430
326
514
433
224
133
226
11
268
113
442
481
371
507
491
271
527
79
248
57
301
281
21
157
211
19
30
139
20
421
336
412
27
166
414
222
528
77
68
17
136
369
28
230
99
32
472
259
186
351
415
14
364
314
173
207
98
181
121
182
396
405
80
26
31
184
74
474
63
132
400
338
276
378
419
233
34
379
534
188
240
490
306
509
236
340
485
370
388
376
245
359
196
255
322
267
54
205
398
293
459
360
284
315
304
171
270
130
5
337
162
217
138
295
62
344
168
275
280
195
199
131
4
526
486
296
141
114
29
444
435
38
451
16
467
148
424
78
455
478
436
321
283
300
64
487
348
152
512
496
269
503
250
126
484
520
468
410
212
310
247
36
506
215
312
517
352
52
180
462
69
37
107
137
116
147
45
457
397
92
223
256
70
476
479
346
72
331
115
372
187
489
320
495
502
118
530
477
238
202
227
354
406
498
439
500
409
214
417
46
438
516
311
324
343
161
494
307
339
86
390
75
24
497
50
204
25
458
529
90
446
380
93
179
43
169
357
335
383
426
272
201
366
480
103
353
125
285
260
298
108
40
274
111
153
3
94
345
84
441
264
48
156
488
209
119
192
59
122
450
112
294
475
140
403
518
225
149
277
466
159
105
387
422
361
158
493
175
373
365
447
305
385
60
535
432
533
429
505
341
185
117
10
102
407
53
342
231
308
85
241
393
334
143
164
471
155
522
8
200
279
302
13
135
190
521
445
425
81
404
399
110
106
266
460
368
453
449
49
109
291
252
163
76
221
452
56
463
134
469
218
239
160
292
464
456
51
174
65
350
448
278
401
66
91
67
154
210
234
363
332
124
411
513
511
213
167
150
22
58
23
319
531
375
391
120
71
349
220
228
427
237
504
198
82
367
203
416
