413
42
440
182
206
410
388
209
71
355
67
527
426
236
154
516
337
447
107
30
288
133
164
485
125
529
86
382
100
521
509
240
94
110
158
421
307
37
77
378
245
361
84
274
102
112
25
350
22
445
414
169
247
320
305
330
151
469
370
429
495
306
23
514
256
284
383
54
218
462
343
318
184
183
396
140
423
368
177
480
29
28
524
458
61
430
282
44
431
276
261
344
309
258
172
224
46
272
398
264
137
365
173
463
418
126
145
402
335
143
417
377
252
215
317
379
491
58
119
230
199
105
20
446
156
473
364
70
227
441
208
159
75
180
197
185
10
243
202
24
314
254
134
479
121
163
319
48
390
193
333
448
144
526
336
289
175
101
294
96
49
321
114
99
324
293
2
437
308
405
452
416
535
358
331
51
35
214
26
152
342
520
298
505
123
15
262
50
504
497
81
357
432
472
213
221
328
486
250
216
41
11
181
422
200
66
210
79
457
470
3
188
408
311
6
178
9
507
352
52
242
170
450
241
116
511
499
27
246
329
211
476
122
267
176
438
21
502
149
232
400
136
326
433
286
310
322
384
238
313
165
118
487
285
498
244
271
513
522
427
72
406
237
187
279
533
451
456
295
120
290
300
157
222
460
278
348
129
45
268
82
474
380
353
117
217
60
171
273
235
265
80
31
150
412
174
397
160
374
108
407
338
332
492
40
508
518
363
453
291
354
1
205
439
8
376
189
325
166
7
18
59
316
496
131
459
138
340
203
95
195
523
367
62
17
503
506
186
33
449
389
83
132
148
404
517
299
88
281
142
490
395
347
392
454
204
78
283
489
191
475
179
255
168
341
90
411
345
14
233
135
0
434
302
467
484
89
5
481
478
442
231
436
292
387
394
420
63
444
531
471
85
69
391
399
275
234
74
92
113
339
375
346
301
371
198
483
130
248
303
356
477
510
297
512
19
304
146
257
249
277
372
124
369
53
493
425
239
260
194
403
223
253
351
327
167
366
515
334
109
68
64
349
259
488
115
494
435
139
386
409
47
251
419
385
87
91
443
381
147
97
263
269
360
468
525
13
36
65
190
226
38
106
196
287
103
93
220
312
162
373
219
532
519
323
39
229
228
401
500
57
465
73
34
534
153
464
128
98
43
207
155
4
76
104
461
270
315
55
201
212
415
528
16
280
466
225
428
393
455
127
296
111
161
359
12
482
192
501
141
530
362
424
56
266
32
