415
220
234
121
24
347
487
93
327
242
434
303
153
410
112
321
96
508
26
482
215
80
180
472
64
102
274
115
492
21
422
183
331
273
470
533
530
509
17
46
70
342
116
165
47
145
502
414
330
68
85
476
477
432
8
82
255
135
406
457
444
523
366
124
84
253
106
318
195
226
391
441
377
174
282
10
440
369
138
88
300
338
397
480
528
257
515
208
155
466
49
9
197
404
341
131
159
451
381
22
478
143
150
279
507
218
41
229
269
86
522
170
417
31
461
324
407
258
430
291
337
60
292
73
421
463
490
428
486
122
33
306
53
192
184
18
95
403
119
370
11
62
225
484
469
179
241
351
83
1
117
424
245
419
237
495
519
357
504
177
489
69
238
214
368
160
54
44
207
162
336
75
355
346
71
65
526
335
113
359
464
146
127
314
496
316
312
358
107
190
529
285
491
452
186
2
442
19
203
494
120
386
37
3
151
518
171
254
483
405
516
344
288
468
167
99
512
78
98
513
352
100
38
401
244
45
416
393
383
201
136
375
450
365
293
506
0
315
458
534
363
224
367
92
527
349
294
423
462
13
260
382
166
61
429
50
425
72
271
287
12
30
233
204
445
252
443
211
380
251
210
52
48
290
328
139
202
23
200
500
275
178
439
364
535
485
87
191
387
413
392
471
301
435
298
79
493
118
227
499
40
396
320
283
169
29
141
449
51
340
345
354
216
137
436
446
222
39
373
89
7
188
55
304
157
263
426
239
433
474
164
277
302
194
228
311
295
91
400
362
361
525
447
110
247
379
350
58
111
74
236
235
460
517
503
356
418
246
272
374
101
402
217
15
175
473
256
389
334
299
105
163
27
420
250
243
67
181
232
394
501
198
281
325
521
323
438
488
77
510
231
266
109
353
289
532
149
123
148
296
322
524
134
5
408
132
431
475
34
32
130
259
479
267
187
498
56
395
206
66
221
284
497
261
276
35
59
317
182
249
114
158
152
343
360
129
94
176
6
103
412
390
454
448
104
372
212
409
399
456
459
326
481
520
43
4
16
108
280
128
140
286
90
531
154
185
319
20
36
42
63
297
161
248
133
455
339
219
388
465
14
230
189
385
76
156
196
270
371
209
223
378
310
514
329
142
453
199
173
313
205
81
307
384
511
126
172
125
332
262
97
57
240
308
213
505
467
333
28
25
144
309
264
376
398
305
278
268
348
168
437
147
427
265
193
411
