77
140
332
227
425
30
308
302
482
463
95
303
274
134
251
131
50
1
338
232
262
321
346
343
250
191
287
120
87
440
352
80
82
36
393
276
298
499
514
205
129
258
270
344
56
118
207
458
153
165
119
168
516
282
316
371
62
435
92
31
254
365
466
19
163
214
329
513
40
309
480
292
157
55
267
220
452
474
206
39
174
144
61
283
110
46
88
200
73
421
223
277
76
427
7
151
109
406
192
141
473
188
397
477
307
272
136
456
443
71
175
51
215
387
189
467
345
324
146
488
314
478
363
45
261
429
49
529
103
183
412
472
334
364
426
5
23
534
230
285
226
360
231
8
169
29
85
404
521
460
47
114
86
72
526
361
37
446
83
245
504
44
286
112
420
154
89
257
281
16
310
265
4
323
442
240
294
475
413
438
391
489
75
156
419
297
289
22
164
313
378
137
416
382
518
196
437
208
235
531
160
125
522
395
455
229
295
453
209
507
459
158
79
52
491
469
503
300
241
448
479
451
510
244
311
148
173
490
394
26
21
53
291
147
13
266
333
237
370
122
130
14
182
181
362
67
68
450
417
197
32
171
350
367
218
43
465
462
24
280
402
317
253
523
128
194
502
216
264
246
401
290
69
354
398
64
185
81
372
217
38
492
373
375
199
410
471
328
57
418
501
138
228
28
255
325
20
66
322
186
293
98
342
132
376
219
384
348
279
400
178
35
222
408
124
396
407
3
193
445
65
441
139
430
263
11
100
399
331
99
496
121
461
464
481
248
388
243
152
252
392
54
476
27
347
58
91
117
247
528
268
234
195
532
145
470
485
202
305
497
415
41
60
385
288
84
184
299
96
444
312
439
225
505
102
70
213
433
94
493
423
142
353
306
380
454
161
366
93
519
74
107
0
198
224
520
511
368
25
170
59
133
330
116
335
162
315
422
318
211
221
203
524
432
483
377
296
212
339
204
249
108
201
6
278
535
389
177
351
494
355
143
386
210
487
506
326
434
176
42
123
500
301
105
449
190
179
242
275
90
63
409
457
78
238
340
533
166
424
431
411
269
512
369
374
271
405
135
527
414
149
233
256
403
97
126
115
517
106
104
349
101
2
486
381
509
320
341
508
390
358
155
428
336
359
356
468
495
172
515
111
236
17
159
337
48
304
10
379
12
18
150
113
259
180
327
34
239
9
530
15
127
260
498
436
484
357
319
447
383
187
284
33
167
273
525
