375
9
191
429
67
379
376
202
106
138
120
164
7
423
273
418
371
280
317
311
365
291
492
512
289
388
218
490
272
410
150
172
173
515
508
207
27
392
282
163
335
422
263
434
127
14
304
219
385
80
217
344
519
493
526
161
313
87
115
44
75
116
290
114
465
238
294
195
316
4
389
528
197
34
522
425
469
190
104
43
223
334
499
268
315
90
520
380
360
180
417
246
382
303
513
437
22
230
295
474
125
123
403
527
143
404
349
396
448
81
458
259
327
369
2
213
254
108
459
367
151
112
428
70
524
199
302
215
276
78
391
136
497
353
28
198
71
170
455
157
487
377
433
21
402
101
323
185
208
171
52
64
260
103
430
532
325
25
126
227
322
426
175
8
160
525
485
169
518
153
118
415
51
84
97
152
261
212
300
24
339
281
134
251
93
162
205
271
340
105
355
443
473
242
248
427
232
330
250
132
328
264
341
203
36
529
59
158
183
256
278
167
484
122
400
477
37
359
501
262
308
460
30
364
140
233
274
453
149
446
370
209
110
386
466
68
204
179
46
60
56
305
216
319
372
142
321
113
483
363
5
505
310
240
128
414
521
12
133
176
277
419
475
449
358
16
18
286
530
61
168
243
92
463
129
196
159
76
275
6
77
39
479
188
137
378
314
451
42
141
66
200
154
15
13
186
394
447
41
47
476
270
135
511
284
181
457
309
292
409
287
357
424
407
436
146
55
269
221
343
131
236
73
347
3
337
211
29
531
338
214
91
11
535
187
225
237
33
222
82
35
464
74
145
228
320
79
471
72
421
89
1
288
147
192
405
249
454
390
491
119
384
470
247
297
307
416
231
20
279
23
85
253
398
109
517
489
356
331
362
19
361
336
533
462
235
63
481
229
17
57
342
486
332
348
258
393
252
65
148
468
482
54
381
461
130
31
383
156
220
333
239
96
111
534
201
88
399
177
318
411
444
241
432
299
329
124
182
387
296
165
26
62
226
293
53
346
440
408
38
267
439
502
368
478
102
498
255
50
412
48
244
406
500
189
496
366
193
352
166
438
456
69
441
224
99
83
488
234
354
503
265
257
514
121
266
373
401
194
144
0
98
174
472
350
507
49
345
107
445
301
283
306
506
139
210
58
95
117
324
178
516
397
351
100
467
450
413
374
184
40
285
452
45
32
155
442
326
480
504
86
435
509
94
206
395
245
10
431
523
312
510
494
420
298
495
