686
294
258
518
438
382
698
366
617
765
625
72
474
586
462
429
108
82
133
622
60
335
528
18
329
389
240
420
15
24
490
601
116
509
256
137
206
340
711
277
184
177
185
629
677
451
44
291
352
694
59
466
128
193
480
431
481
463
646
483
744
307
543
557
718
614
175
537
651
320
465
454
671
160
178
660
312
153
245
544
275
109
273
739
676
587
390
419
121
107
650
363
328
471
13
398
449
633
142
541
35
539
211
520
756
456
768
315
14
45
379
752
229
422
673
324
0
774
738
83
310
180
709
95
38
776
476
693
147
28
197
156
699
370
344
251
146
80
712
546
234
658
707
154
519
374
588
261
225
57
89
284
552
377
402
782
274
360
434
725
728
118
416
364
578
311
442
20
737
130
486
53
532
667
531
302
93
648
403
228
270
37
318
610
172
48
741
670
714
70
174
560
250
73
114
282
78
600
304
215
285
235
443
192
29
336
227
624
322
25
151
577
570
6
313
295
135
665
647
638
789
94
400
77
380
40
401
10
69
326
391
592
783
223
394
385
604
716
56
255
684
705
3
405
396
444
122
325
530
219
533
632
46
349
367
339
626
762
596
17
226
16
654
482
26
731
355
134
205
106
117
736
64
231
79
551
611
387
55
67
409
720
22
595
365
418
636
759
288
330
507
767
447
785
734
345
61
47
283
254
381
717
593
561
751
582
317
697
195
362
742
103
674
232
12
286
659
558
269
417
473
615
710
726
777
581
209
585
4
63
5
163
608
764
566
246
372
607
289
749
766
102
491
649
704
1
34
144
308
216
574
239
672
287
267
644
516
188
663
115
724
628
230
421
86
540
262
346
92
145
786
758
501
158
446
613
517
412
303
512
85
559
488
445
594
500
415
199
696
523
576
161
499
327
477
639
721
791
204
508
290
169
760
105
460
124
529
359
597
101
90
167
386
773
450
356
208
152
333
224
51
131
399
641
203
189
740
687
433
538
748
439
200
217
432
437
730
176
564
182
735
630
771
196
305
369
584
125
563
495
555
378
567
279
461
347
140
666
112
769
643
84
510
268
31
342
411
384
568
603
201
598
494
779
252
571
605
526
91
485
27
220
553
408
248
536
770
314
87
775
425
23
675
43
591
334
58
562
656
97
183
695
179
404
732
221
572
565
763
316
583
9
244
535
299
331
459
247
634
790
361
96
503
186
669
548
637
30
688
110
580
263
68
49
467
278
350
181
780
428
448
655
100
715
635
522
129
218
414
168
343
579
524
556
21
719
62
506
612
332
550
306
88
436
119
702
257
457
472
39
701
66
11
681
525
264
427
187
198
338
542
620
383
754
348
293
2
141
150
441
682
424
458
212
210
708
98
113
155
755
237
747
138
573
743
657
678
691
111
455
65
787
236
373
492
32
430
354
388
319
410
479
371
375
513
627
621
36
253
733
301
668
700
664
271
191
397
165
393
71
323
757
781
123
680
631
321
194
171
309
157
685
337
213
619
132
8
690
148
127
469
260
590
547
484
502
162
521
126
395
214
549
149
642
280
689
746
159
54
259
435
136
298
478
300
265
713
475
143
41
281
470
692
292
493
602
249
772
489
392
238
406
683
645
662
452
727
233
554
745
545
778
368
207
173
729
679
166
423
341
440
504
243
616
722
139
426
453
599
272
99
511
358
81
653
527
498
33
202
407
703
19
640
74
609
575
761
76
589
351
515
723
497
52
534
376
75
468
104
661
487
170
242
266
222
652
42
706
623
120
50
353
788
784
297
7
164
413
241
357
750
464
190
569
514
296
276
505
618
606
496
753
