783
107
720
46
77
769
441
258
647
55
673
20
211
481
7
663
350
516
278
574
391
209
660
640
354
624
273
533
694
194
154
586
788
325
386
370
705
297
657
558
178
719
522
625
676
203
381
503
85
468
746
393
509
654
240
315
374
453
53
283
541
707
321
757
774
389
700
445
659
478
136
328
603
313
106
668
633
314
690
566
735
263
348
392
569
91
494
369
346
604
782
259
70
413
131
426
583
312
644
251
160
187
622
42
733
81
72
597
434
470
168
713
218
164
693
335
557
493
686
472
435
469
241
546
122
108
215
609
56
353
61
301
452
512
526
672
94
424
691
578
2
318
317
31
320
279
253
224
747
535
269
731
271
447
396
724
759
357
303
300
543
272
398
661
626
140
205
152
418
770
505
222
11
153
648
13
234
415
529
649
628
223
227
617
265
490
37
520
564
559
614
174
25
530
749
87
219
78
268
162
588
506
196
500
645
738
767
397
740
450
29
10
186
363
488
723
39
745
93
428
364
104
390
726
555
380
172
210
449
571
655
610
99
709
461
293
596
360
304
124
295
330
577
19
504
451
475
695
235
337
427
225
52
497
627
143
73
548
456
148
787
387
411
345
394
137
764
440
400
351
688
75
249
221
784
127
775
616
417
563
36
432
135
35
129
248
109
102
575
786
27
539
62
730
170
474
508
190
158
308
477
231
185
103
179
712
576
601
631
123
280
519
471
180
238
525
395
399
149
605
267
524
560
201
744
276
362
532
718
58
513
296
204
285
446
291
650
590
256
66
6
155
405
17
8
552
287
755
466
74
561
482
28
638
553
671
1
147
275
144
637
377
302
92
544
729
277
384
592
499
600
716
476
5
237
184
681
632
582
255
16
316
667
580
551
199
696
410
262
491
692
779
145
322
641
49
643
536
379
175
404
246
589
319
562
57
233
97
702
479
455
662
128
611
282
192
687
69
425
352
677
372
232
540
606
329
260
245
498
531
274
71
658
420
416
433
24
118
206
714
444
545
292
549
44
670
704
230
510
286
34
151
406
169
82
587
722
323
538
689
684
163
242
12
436
212
534
48
717
15
710
646
113
65
484
460
344
366
768
176
89
636
59
752
150
84
23
252
683
502
161
177
682
47
448
198
32
243
138
244
342
361
542
581
652
101
83
334
213
639
288
711
14
385
664
698
289
359
189
347
715
80
748
570
333
220
159
678
324
501
527
309
765
339
307
763
96
591
90
675
517
290
618
4
634
229
780
115
758
701
464
266
236
480
669
431
737
142
785
485
311
239
721
132
200
183
134
554
734
166
165
355
743
761
402
141
778
594
613
226
750
403
63
443
437
421
50
181
741
422
9
228
515
284
214
126
373
191
593
43
653
88
442
79
706
0
567
537
620
674
40
438
125
756
656
38
579
623
602
666
67
619
462
76
523
306
414
41
585
630
489
375
457
608
117
310
247
429
595
495
146
197
511
547
615
114
572
338
167
343
409
419
376
270
408
703
776
216
368
407
86
130
496
651
790
401
119
699
22
299
423
766
156
367
382
459
439
30
281
33
612
754
777
463
760
111
521
98
685
727
732
751
105
261
789
133
110
483
629
607
412
781
356
791
467
388
708
454
332
486
598
458
327
188
568
341
621
64
340
217
45
358
264
371
95
378
528
120
195
762
250
349
383
635
326
171
257
298
771
208
736
182
665
60
3
18
725
697
68
599
254
773
100
507
207
21
739
430
473
121
556
550
193
157
772
680
487
679
54
465
742
112
26
584
116
492
565
365
518
336
51
642
753
294
514
573
173
728
331
139
305
202
