326
439
409
14
32
527
185
474
577
758
168
726
499
493
607
314
665
383
235
297
173
532
472
282
393
625
289
290
737
337
402
210
112
510
733
62
194
538
715
52
463
116
111
25
21
416
226
221
331
18
359
631
415
421
566
334
730
375
325
563
138
694
450
208
689
200
244
98
65
364
352
105
451
45
541
778
372
659
305
753
452
39
491
332
398
284
335
130
727
789
70
145
7
63
709
614
336
593
629
608
277
530
114
232
418
134
744
632
382
101
574
542
51
224
166
17
449
57
775
354
330
653
460
704
678
42
137
86
497
619
67
121
635
555
551
595
262
594
140
323
202
167
506
78
454
82
488
589
427
660
622
658
59
567
643
728
742
128
777
539
609
133
152
28
104
522
561
319
734
165
58
259
229
757
747
521
649
56
9
785
779
318
301
606
691
565
494
457
480
123
626
79
685
281
26
344
209
172
139
479
254
201
348
518
89
782
298
469
721
495
723
604
286
11
333
717
136
260
392
500
766
674
413
611
761
498
279
49
342
605
170
508
270
103
583
710
568
154
92
572
776
423
411
115
327
85
216
425
602
772
648
44
552
24
764
73
591
274
534
176
183
711
347
261
657
218
528
456
371
585
366
417
516
639
477
496
153
88
159
511
570
700
436
735
71
476
720
601
109
513
27
590
578
148
684
253
403
129
230
748
586
151
311
141
278
266
388
708
524
453
368
446
459
258
13
1
345
703
478
271
447
3
554
420
712
369
656
283
205
719
246
119
596
663
569
634
642
471
2
161
646
514
106
308
543
431
248
621
507
624
146
143
295
774
228
692
222
95
399
645
584
35
575
324
31
343
341
741
722
198
683
5
612
743
482
641
695
162
181
264
122
515
156
187
560
22
179
69
164
321
547
404
391
192
117
132
378
23
158
252
613
6
770
90
234
149
623
207
108
407
66
386
473
75
54
485
223
306
652
681
636
676
74
581
243
190
20
487
188
225
603
654
36
440
142
242
302
127
707
492
553
688
288
10
197
529
546
644
716
486
400
662
315
687
669
175
46
540
250
434
296
233
697
291
394
102
363
597
620
396
292
448
443
428
690
312
269
651
68
177
96
294
163
468
437
299
617
771
441
72
759
655
196
239
199
598
765
8
15
736
97
275
509
628
679
751
414
693
303
558
320
0
195
791
53
702
120
647
37
401
667
349
217
773
786
706
781
186
430
520
379
638
549
241
749
587
384
77
380
768
100
50
519
76
174
517
178
550
732
633
615
752
790
769
355
668
637
220
94
38
307
444
664
599
419
672
562
466
227
462
424
80
763
387
490
329
600
670
212
408
255
206
55
435
592
135
535
445
276
501
650
99
147
671
381
83
340
87
675
512
237
182
677
397
458
280
356
582
60
718
455
169
422
238
322
390
358
219
640
756
395
526
313
627
680
750
93
12
204
442
350
405
461
746
374
705
548
489
171
328
545
481
214
16
738
588
373
370
110
309
557
215
576
316
377
465
579
251
361
525
107
19
544
125
762
273
118
293
287
432
240
698
616
126
272
426
34
249
43
714
610
406
571
505
673
559
48
484
353
537
317
699
502
503
285
745
211
360
357
245
754
725
236
556
523
41
247
755
150
346
40
438
310
113
788
180
91
203
686
213
267
160
339
351
564
784
573
385
144
362
84
304
30
131
618
713
191
464
724
783
767
729
666
483
81
268
367
536
780
630
47
661
467
64
61
29
257
475
410
231
504
696
429
470
4
531
193
787
157
389
155
433
731
338
701
412
265
33
580
184
365
300
740
256
124
739
760
682
263
189
376
533
