575
726
237
305
192
148
501
656
12
72
62
130
661
588
250
692
747
787
777
569
259
782
413
540
297
713
581
180
524
363
354
446
183
29
492
269
507
518
93
64
790
735
458
666
15
488
448
333
644
681
218
763
50
617
110
36
187
20
366
16
727
30
172
753
709
139
514
54
450
791
469
587
771
341
318
210
213
761
175
111
41
509
503
718
619
657
201
773
132
177
78
376
647
521
212
551
654
586
65
171
780
135
630
500
567
635
102
238
284
372
367
76
178
465
648
241
13
337
770
336
124
660
249
299
758
346
154
642
392
652
592
94
768
46
633
689
399
649
10
673
466
163
289
430
402
582
276
342
686
239
140
60
618
743
328
3
767
55
386
232
141
472
320
786
96
622
667
591
655
411
783
252
577
261
463
61
230
104
729
625
168
221
37
706
641
56
383
145
710
558
105
70
378
674
382
69
234
103
543
258
452
762
440
311
407
493
165
422
281
26
240
352
459
579
285
464
512
310
112
204
537
350
677
552
262
408
161
471
712
274
89
764
746
66
445
52
473
248
216
118
2
603
409
393
624
129
779
203
491
373
634
704
639
84
439
698
206
653
417
144
556
39
600
361
429
185
247
146
705
468
610
197
765
307
702
244
564
403
385
478
415
530
585
120
548
638
529
535
58
370
338
566
169
643
282
343
482
605
614
632
688
40
4
573
544
522
235
738
256
599
663
27
676
752
441
375
28
405
519
8
0
664
462
150
7
684
494
242
525
195
604
113
427
438
223
202
511
449
442
360
275
516
481
542
24
257
137
379
68
254
508
339
48
224
207
724
474
162
437
365
532
505
419
443
426
353
294
200
245
601
447
757
555
157
371
270
273
283
502
286
412
719
389
390
220
589
271
136
33
562
559
506
53
670
745
181
455
21
49
539
418
766
167
410
302
315
742
188
109
255
1
526
215
590
17
222
209
662
90
327
351
396
300
486
424
680
467
751
576
313
645
640
597
182
444
554
456
364
263
613
296
268
740
608
208
737
606
280
173
623
533
99
714
531
319
607
451
43
504
80
549
153
711
489
9
228
631
731
31
669
620
665
128
651
700
81
369
312
266
347
5
279
199
703
730
229
253
356
108
233
303
774
694
325
211
98
123
778
335
416
345
194
190
716
106
596
550
304
560
708
387
107
63
754
119
138
122
571
629
750
74
498
598
14
626
227
675
755
756
306
433
477
391
776
317
646
236
295
226
101
291
398
11
323
636
722
733
421
73
690
423
432
293
349
44
179
308
769
461
231
158
400
59
496
513
355
495
19
475
214
368
515
329
359
358
243
715
344
621
23
594
499
116
326
609
487
739
156
77
578
334
34
527
174
79
435
159
324
760
67
425
672
121
436
374
51
541
563
788
668
191
720
561
593
565
741
278
251
717
434
557
35
650
538
45
397
219
536
401
637
189
394
193
693
584
553
265
695
288
151
127
574
523
572
85
87
198
114
22
480
420
679
570
517
134
520
377
428
431
71
696
152
725
196
380
92
166
82
772
678
6
384
612
568
149
95
264
88
628
701
142
316
246
736
734
18
602
707
117
287
131
781
685
583
671
580
728
414
547
147
497
184
388
155
528
267
490
125
331
42
38
476
479
225
170
100
160
115
683
164
470
97
615
321
457
759
340
721
775
510
277
404
314
687
260
290
749
595
91
357
176
322
454
395
697
298
484
143
699
789
748
186
309
205
133
784
744
126
25
611
301
453
86
75
658
616
292
785
485
546
330
682
217
348
691
381
545
460
659
47
723
362
627
83
534
272
57
483
332
406
32
732
