316
52
412
705
571
432
551
567
466
208
725
584
690
753
388
82
377
592
285
227
289
667
500
137
204
715
707
43
219
583
151
42
426
682
68
60
415
366
56
645
324
271
179
261
720
595
563
240
747
626
337
363
674
723
764
14
331
346
496
384
694
576
198
407
73
444
370
275
545
347
177
469
342
637
13
158
21
456
528
457
154
142
568
439
414
270
116
573
575
180
503
618
375
620
403
665
79
278
683
224
248
487
162
635
772
630
762
446
740
529
539
521
313
349
703
307
544
48
493
213
438
530
220
714
417
540
98
246
427
776
241
429
668
619
115
685
686
631
643
87
700
256
327
57
378
458
452
600
215
153
531
687
62
533
745
582
190
92
593
748
30
673
779
488
526
770
309
389
621
300
103
175
448
362
519
479
209
622
124
51
522
146
380
387
640
32
231
354
744
532
520
305
113
53
106
393
639
344
201
470
716
351
721
318
334
156
299
579
306
547
266
455
697
463
359
69
186
67
38
335
254
72
486
512
420
460
766
566
0
586
11
449
197
135
498
647
287
781
27
174
702
648
730
74
780
37
205
711
485
40
94
322
341
755
541
262
419
741
401
661
743
130
613
553
104
546
418
169
535
374
555
507
681
604
524
760
594
733
660
777
390
35
461
543
369
238
572
59
679
491
501
515
9
50
421
411
767
4
569
599
467
437
44
596
749
230
504
442
591
39
157
751
303
570
684
431
611
658
404
168
759
440
249
233
90
612
184
558
549
159
783
562
47
343
129
297
471
696
269
293
641
371
164
235
409
228
391
84
352
728
232
416
373
632
564
167
3
484
688
662
119
399
459
473
424
606
237
298
125
325
508
364
669
357
132
141
495
651
88
752
329
110
108
244
627
264
422
117
482
617
133
199
155
102
636
670
775
296
291
150
559
171
602
185
732
523
101
499
310
773
537
97
286
81
320
633
160
734
790
433
274
649
65
70
731
311
738
218
163
693
361
517
221
64
55
666
63
19
258
85
428
368
624
276
603
365
538
394
695
671
251
587
474
242
328
83
590
494
516
657
453
216
518
294
443
281
502
385
376
689
616
245
127
656
652
340
75
655
713
578
489
675
189
308
650
736
598
726
525
514
252
527
464
434
788
225
139
430
472
481
492
691
194
548
677
46
89
118
614
699
445
49
247
280
664
99
642
410
25
161
126
506
26
468
20
719
505
86
304
589
134
565
353
31
1
478
326
727
605
625
435
2
165
292
229
381
742
386
480
556
511
217
646
17
663
192
758
610
406
149
678
207
76
123
263
717
111
628
301
302
7
441
18
722
78
105
708
330
71
173
255
144
148
272
183
41
36
701
277
178
29
282
405
462
195
253
510
315
91
152
234
413
15
757
314
107
791
536
552
191
28
336
211
279
509
95
750
534
425
250
332
724
345
22
560
128
746
475
12
615
712
768
550
763
680
672
226
765
131
737
143
196
436
288
236
454
136
10
729
202
709
476
450
181
623
77
121
382
597
8
402
408
223
260
54
769
676
739
319
109
367
273
295
782
33
283
710
629
581
761
609
265
268
774
585
513
317
114
170
34
397
588
182
16
718
23
778
754
267
607
145
497
735
138
61
392
350
66
787
58
290
561
259
239
176
122
608
203
243
395
120
212
166
379
333
400
465
214
93
638
348
644
554
200
786
312
188
574
193
6
477
323
692
338
339
634
383
360
24
112
140
659
222
147
577
356
206
96
698
45
706
771
483
284
396
447
355
451
321
80
187
704
398
372
5
580
490
257
601
100
210
423
789
654
172
785
784
358
756
542
557
653
