778
189
612
143
368
397
725
79
545
447
461
584
654
156
735
12
529
518
578
585
63
383
415
560
753
178
789
748
754
69
249
100
632
636
145
360
116
104
385
403
297
94
133
18
752
610
91
373
477
719
326
643
259
733
465
241
780
463
173
175
760
331
70
65
258
376
52
738
656
638
500
348
382
422
694
273
41
170
606
614
460
489
350
543
343
198
102
242
387
113
513
788
315
551
295
129
572
765
183
404
187
591
559
231
17
704
238
455
316
791
618
84
283
105
602
159
185
509
120
714
210
431
118
620
5
677
731
339
665
777
76
280
567
533
310
721
470
514
435
424
219
395
750
10
298
507
448
432
77
396
328
234
564
200
75
248
624
308
47
737
311
450
261
247
168
770
117
190
512
284
279
478
128
135
197
579
757
130
345
95
176
144
688
34
182
430
425
9
399
286
662
734
628
106
322
26
625
702
491
73
30
787
341
138
291
312
28
202
386
462
587
776
594
44
520
593
114
681
644
103
39
296
667
439
388
596
524
743
370
464
764
60
515
539
85
3
40
683
267
321
657
235
782
759
394
36
588
101
46
466
221
0
37
340
720
499
390
32
527
604
355
309
136
313
689
78
227
454
306
361
496
232
71
188
239
186
646
337
517
786
134
406
384
745
229
207
164
682
67
356
783
381
556
167
277
43
27
266
86
160
148
392
371
379
433
323
686
58
61
528
671
292
358
224
775
426
131
669
256
674
718
488
281
629
473
436
421
93
490
730
729
398
511
121
696
458
324
262
693
472
522
640
481
96
700
716
150
449
434
51
773
244
705
87
599
727
408
108
589
50
255
149
442
708
547
400
675
486
673
223
570
122
409
216
124
222
151
407
703
377
609
615
99
282
781
597
157
318
1
679
180
535
698
751
66
374
372
438
444
635
33
366
181
288
763
577
623
254
243
713
220
166
568
542
25
784
661
354
201
506
414
82
401
742
228
670
300
270
206
271
715
726
213
728
722
344
575
544
214
380
225
616
423
230
441
246
74
147
140
212
14
29
552
571
480
342
678
558
264
687
755
289
59
293
768
375
446
64
119
171
497
740
7
595
391
338
459
11
561
468
501
554
55
226
192
482
690
357
332
62
451
557
562
369
566
253
707
519
412
179
49
523
785
553
314
155
505
153
510
655
758
193
429
766
685
245
8
747
521
146
72
336
437
476
184
35
142
419
302
307
347
169
641
613
56
125
498
110
526
608
749
402
393
237
209
16
90
48
294
642
276
154
161
305
98
724
573
31
165
779
57
550
484
712
772
352
590
250
196
335
706
790
622
359
88
652
592
648
684
530
252
479
692
177
257
141
695
127
653
456
199
457
111
762
427
549
680
647
767
538
19
290
325
329
274
617
532
97
741
771
215
13
744
723
633
260
769
732
417
428
504
717
413
191
320
194
4
89
508
469
649
139
319
263
756
349
15
420
24
418
367
485
20
205
38
574
541
405
172
663
492
45
22
474
152
761
639
452
494
211
364
158
598
691
621
503
272
204
537
531
265
365
317
334
540
301
80
21
123
54
525
278
739
251
645
163
664
416
268
475
471
410
411
502
603
285
240
109
233
658
555
443
299
195
362
304
483
626
378
330
659
668
711
581
627
453
701
81
132
269
651
333
353
287
68
746
174
607
672
576
586
137
601
493
697
582
631
389
563
217
709
6
236
637
346
634
363
203
218
516
534
548
92
162
327
611
580
445
495
710
569
83
275
115
600
53
546
112
660
736
536
440
666
774
23
619
583
650
699
630
487
208
42
351
107
303
605
676
126
467
2
565
