628
134
337
769
61
726
631
182
203
93
400
667
41
384
763
694
482
413
534
517
754
336
379
152
403
485
174
449
609
524
358
248
85
762
626
230
579
298
190
503
661
605
598
276
629
149
193
776
773
285
432
55
163
475
683
29
213
582
690
177
65
123
355
16
90
704
356
109
218
510
595
779
753
527
713
345
781
146
357
280
398
461
296
663
100
43
78
418
589
687
18
508
132
440
344
316
143
51
81
38
615
212
1
302
664
127
361
136
540
154
342
362
518
334
11
217
360
133
502
300
341
210
519
75
399
507
668
655
15
279
301
295
660
483
283
573
369
537
110
688
343
176
741
600
387
636
103
644
601
543
363
117
767
221
257
206
603
238
457
373
382
364
467
261
599
2
768
528
618
441
4
219
610
649
715
780
500
459
739
466
766
328
242
621
532
330
749
287
291
322
158
20
225
756
572
286
790
724
732
446
390
495
658
712
571
188
567
569
401
365
246
340
414
757
216
91
150
386
56
450
509
303
554
179
101
680
423
118
493
409
591
752
536
209
200
201
670
367
411
12
297
186
526
332
395
32
771
521
147
625
578
577
192
220
84
35
452
223
480
27
121
506
66
380
730
492
376
588
22
26
130
439
494
693
119
305
208
139
592
262
491
758
407
89
137
498
460
148
782
268
748
189
394
348
777
731
708
652
544
253
504
59
138
786
695
315
624
718
153
627
594
643
445
131
477
252
415
676
556
377
69
144
613
443
171
522
5
169
0
354
145
39
541
640
124
378
576
481
426
514
515
677
421
318
47
197
429
420
516
381
77
6
349
37
721
73
581
235
530
497
389
593
520
366
3
444
740
198
80
568
228
385
97
86
745
105
48
563
331
54
634
173
250
760
646
187
282
204
267
774
689
52
473
120
94
417
671
471
590
558
783
645
750
585
402
642
25
458
60
346
468
639
501
327
484
560
564
45
71
207
371
472
727
436
736
575
488
496
725
181
707
604
465
72
734
320
729
383
247
622
535
531
653
746
159
241
765
33
10
175
755
49
785
165
476
314
545
155
74
31
542
666
281
44
679
419
616
239
321
512
293
463
692
359
115
352
733
470
79
70
259
113
427
700
309
196
258
702
656
160
271
311
8
462
682
406
199
243
64
608
224
487
743
630
490
195
233
408
587
58
684
324
456
277
546
9
659
635
30
511
620
36
240
272
596
156
374
67
437
245
21
674
489
764
222
229
24
789
405
88
611
424
772
319
83
183
333
617
703
388
637
256
254
529
614
278
96
669
57
547
633
548
87
111
685
709
738
761
28
404
53
102
142
412
619
19
561
570
234
665
551
430
650
128
632
425
714
313
202
453
612
140
249
14
255
553
368
751
273
82
191
784
705
251
108
396
434
720
486
135
678
106
164
269
168
681
375
307
289
13
428
533
454
392
711
710
92
114
157
673
214
397
288
549
566
469
40
478
299
728
451
550
778
112
716
353
539
95
654
662
538
623
657
317
691
122
770
513
505
586
438
584
275
231
565
99
178
350
351
523
647
184
335
701
606
552
455
372
638
185
698
559
791
742
555
151
63
125
787
410
431
17
141
338
323
236
232
126
172
107
68
264
775
597
696
607
648
744
672
226
227
675
719
129
442
312
557
747
735
474
274
42
104
50
422
574
686
290
583
237
116
759
263
167
737
448
499
602
76
370
326
699
34
194
651
464
23
260
347
325
98
292
723
416
211
284
580
265
306
310
180
706
308
717
294
170
788
161
479
244
266
391
697
304
641
329
62
162
435
339
722
205
270
393
166
7
215
433
46
562
525
447
