479
199
589
774
183
232
318
79
772
620
295
3
137
401
512
480
458
264
639
335
378
271
754
61
222
443
70
497
712
185
163
227
193
437
418
194
78
615
561
648
176
189
452
259
269
32
777
332
676
568
67
715
191
560
187
120
661
542
346
167
475
13
668
148
683
789
690
476
81
492
309
759
489
77
218
671
623
448
381
328
184
430
461
420
763
412
651
117
436
357
5
597
230
434
7
17
650
703
654
19
626
414
303
567
540
277
677
60
741
356
359
337
376
364
58
326
186
450
377
751
14
554
563
98
404
162
624
756
506
483
388
675
319
786
169
687
325
673
340
642
266
317
727
424
174
607
655
300
292
781
766
119
285
693
284
408
498
444
784
488
10
151
770
386
733
173
62
29
18
225
701
657
220
725
776
782
165
206
76
603
365
1
294
464
197
478
612
432
308
621
69
179
102
730
619
49
473
546
484
347
750
247
223
147
575
760
402
749
6
280
519
515
416
141
80
379
313
555
606
54
787
499
344
736
397
501
276
586
92
468
643
144
111
57
124
441
142
507
773
764
588
447
446
783
409
338
261
451
644
312
88
681
604
631
104
130
256
577
780
155
720
372
505
324
282
31
710
252
737
299
201
470
362
454
738
682
664
373
305
665
37
65
12
8
767
472
582
250
161
685
391
578
244
471
236
466
287
709
374
243
398
166
658
706
207
53
429
522
314
545
516
605
24
321
649
27
731
504
73
219
353
755
486
177
205
469
747
363
662
245
487
460
343
380
729
382
538
127
87
33
99
653
421
64
361
680
602
235
396
146
39
399
632
40
262
171
278
108
180
689
390
711
126
334
721
268
350
123
769
97
310
696
445
667
462
739
580
240
490
714
366
628
663
425
86
734
758
265
34
431
544
428
154
281
541
56
258
660
532
75
508
579
50
611
158
610
42
134
531
528
723
387
367
322
190
527
572
202
762
728
636
329
74
641
617
596
210
369
513
260
566
94
341
670
395
47
320
234
521
330
455
272
704
246
170
68
732
439
241
647
46
652
217
35
594
168
748
467
121
523
204
790
200
23
48
150
311
746
752
672
109
744
175
477
686
297
116
616
132
415
494
426
785
553
517
547
743
778
637
559
114
525
768
351
59
371
698
279
196
345
722
392
539
745
140
584
678
550
16
679
30
453
91
135
195
248
435
753
656
761
510
407
548
524
520
702
289
576
90
669
89
601
413
182
228
536
659
433
118
270
283
254
43
298
613
465
349
105
251
742
400
273
216
38
459
293
331
239
740
375
495
352
707
697
267
564
110
726
422
342
630
779
600
552
533
139
618
791
622
592
339
160
181
71
164
129
115
423
290
11
691
724
574
355
333
565
383
152
153
491
125
229
638
323
66
562
771
705
633
237
634
149
526
493
2
113
573
44
302
238
138
629
585
595
192
694
21
211
286
518
570
128
609
131
708
9
419
456
336
384
735
0
502
788
291
188
95
257
41
635
481
275
646
208
537
55
172
500
599
440
716
692
136
63
587
145
717
614
551
84
20
627
457
370
112
274
503
543
224
22
253
226
36
775
178
296
26
666
348
358
549
242
608
695
304
482
583
674
591
209
449
385
535
107
403
4
354
83
360
103
133
593
85
198
221
215
51
410
15
713
411
93
25
157
556
306
393
233
557
255
700
96
288
514
406
263
106
45
534
530
52
765
213
645
719
327
394
442
231
474
249
417
405
529
684
485
212
156
581
496
757
511
699
307
203
159
28
72
718
625
427
143
316
571
558
688
569
214
82
315
122
640
100
101
389
598
438
590
509
368
463
301
