618
92
323
56
769
247
380
658
723
44
118
168
692
719
484
575
365
510
755
372
310
38
90
328
40
511
36
335
466
376
178
738
538
482
587
417
113
585
17
576
233
501
775
682
14
312
302
183
709
461
95
586
655
639
126
772
360
566
606
172
774
610
667
562
101
534
432
584
680
327
683
647
28
356
666
317
687
762
374
540
524
59
132
15
23
441
76
149
332
269
553
154
784
87
741
649
428
565
257
627
201
671
159
673
555
733
507
588
568
764
676
609
653
6
136
785
31
545
559
599
27
629
357
700
216
311
8
411
290
294
250
535
339
161
633
572
648
272
287
29
505
45
385
532
299
254
677
445
261
637
278
766
316
227
678
542
196
783
46
457
342
707
563
64
333
548
423
431
153
135
480
704
392
582
273
81
598
516
184
560
475
225
237
781
367
157
275
127
471
497
749
190
253
448
213
759
119
624
352
191
451
580
533
447
236
577
165
83
389
550
246
255
746
331
82
65
621
117
713
771
712
133
512
725
478
681
487
228
685
107
288
138
292
446
204
669
470
26
728
197
151
739
427
373
499
4
731
212
634
756
421
743
622
436
735
145
77
569
24
110
623
96
75
379
199
489
134
286
415
770
244
757
788
753
780
51
350
705
393
388
422
433
304
539
383
508
297
104
359
214
402
265
147
341
493
488
689
37
18
592
612
434
556
152
394
193
61
721
102
605
413
139
176
358
296
491
449
591
163
112
366
476
378
19
79
693
67
224
481
734
608
443
690
364
98
215
206
354
94
242
166
50
198
91
368
343
400
697
318
361
54
675
128
711
252
123
646
271
525
34
325
777
124
218
33
787
182
522
688
708
264
706
410
208
477
407
324
309
86
284
406
404
662
314
665
170
650
593
232
554
370
679
651
596
144
551
280
589
226
672
590
12
391
440
442
656
635
187
437
223
106
148
761
502
654
239
528
320
371
42
570
62
397
155
462
742
63
750
414
298
617
2
348
109
751
702
603
25
256
85
661
146
270
513
745
78
537
699
483
544
234
173
80
765
58
209
737
536
66
281
307
736
336
180
386
48
664
717
748
267
20
444
177
68
659
698
425
164
396
390
186
641
543
439
140
492
381
636
409
181
337
458
194
338
416
100
258
696
293
382
103
613
527
503
55
684
300
285
467
121
105
552
207
266
315
426
626
691
158
468
263
219
355
657
3
531
486
694
630
175
611
727
465
171
289
473
628
1
732
429
644
395
567
710
615
549
174
0
403
259
10
790
786
450
22
514
399
597
143
387
189
578
581
631
557
529
616
32
39
260
500
619
564
220
301
495
108
456
131
523
229
515
714
179
718
452
243
645
773
789
235
558
668
345
321
202
200
614
754
99
472
279
526
295
248
716
93
701
767
156
268
150
52
758
594
9
97
747
776
763
377
115
498
47
778
686
245
70
490
459
517
349
120
752
506
35
600
663
162
744
494
730
13
130
625
210
660
695
375
530
474
330
211
401
205
84
43
221
574
277
485
412
282
60
674
643
703
463
571
720
30
464
217
5
21
313
547
111
262
169
740
240
11
69
114
454
49
779
760
7
251
53
640
726
408
430
595
89
435
353
520
405
291
518
460
329
604
274
188
541
363
579
340
238
469
729
344
768
57
129
142
453
418
438
347
384
305
496
16
424
276
71
420
455
72
509
167
479
519
602
326
322
230
334
573
398
319
41
607
88
306
419
670
521
546
504
362
249
141
782
116
283
722
192
620
652
638
308
74
561
241
369
715
122
346
724
791
195
632
222
601
160
203
125
303
231
185
642
351
583
73
137
