193
70
425
660
710
144
356
510
767
762
598
742
693
712
273
474
361
373
49
503
200
182
297
56
184
329
658
58
774
725
317
352
167
763
345
115
381
159
568
155
299
89
409
73
334
211
404
777
545
589
448
666
789
260
256
634
537
716
124
336
11
153
644
327
526
140
679
507
719
768
431
583
326
149
98
724
227
18
703
31
35
701
405
241
344
737
377
533
446
557
681
138
593
196
555
388
176
64
83
419
625
587
532
191
82
132
672
728
484
202
723
26
761
285
695
378
760
32
3
217
715
462
514
354
756
28
214
573
280
787
77
690
650
515
753
12
333
680
538
551
408
310
121
315
744
416
434
567
620
107
320
254
771
519
293
698
79
66
622
566
525
659
222
486
470
63
754
517
422
475
684
178
607
192
688
319
452
511
595
548
105
230
453
522
547
671
520
528
57
209
194
239
407
142
136
717
330
435
340
751
154
69
606
780
626
790
129
686
71
223
52
19
151
766
93
122
199
61
521
647
14
468
4
783
442
252
72
665
123
664
158
483
118
480
110
339
633
689
20
264
258
612
328
638
6
563
523
318
314
180
444
529
62
156
492
111
623
291
197
30
561
355
232
685
501
733
539
267
296
47
301
627
581
187
673
764
9
699
667
417
401
554
687
450
292
663
668
210
198
365
161
277
183
575
604
181
527
325
469
430
34
706
43
33
322
368
765
504
652
357
190
437
727
655
204
36
544
516
91
216
481
467
473
99
243
281
459
272
609
257
397
702
565
312
90
458
464
146
213
477
678
602
600
263
692
614
249
726
489
238
428
271
246
553
139
694
269
611
460
546
175
152
395
391
496
55
770
284
616
506
41
27
439
380
491
472
316
10
17
116
133
465
776
601
632
46
177
579
597
212
174
97
700
240
421
235
137
1
571
670
570
253
309
495
304
13
682
498
454
550
499
74
169
369
302
691
432
445
447
773
68
675
324
275
443
657
385
166
353
402
502
393
346
674
479
590
201
629
141
45
268
179
433
569
588
414
449
379
389
203
331
646
721
564
778
101
372
720
242
171
2
769
736
518
261
420
87
785
65
351
618
67
117
358
349
562
283
150
170
541
78
697
423
637
294
60
248
100
436
619
24
371
621
29
362
636
94
429
147
457
584
160
791
164
270
752
654
509
279
0
669
342
119
338
131
51
708
704
740
40
7
749
104
81
610
15
59
219
172
225
134
313
48
286
556
130
586
713
642
410
461
109
186
558
42
705
714
289
75
22
347
640
628
426
536
542
364
114
376
524
21
594
282
746
508
85
80
455
244
485
360
552
513
337
398
215
656
207
288
374
490
676
585
76
645
384
276
534
220
748
367
427
143
441
758
112
418
120
683
624
786
738
103
747
54
732
383
5
274
255
471
335
403
582
37
348
145
592
412
173
615
126
229
323
127
530
366
718
262
205
494
224
108
86
711
400
722
750
96
208
757
295
677
759
488
308
707
709
559
221
84
476
394
743
195
617
332
50
635
772
162
482
651
311
245
185
113
779
300
343
424
321
247
189
440
578
233
478
92
102
287
396
16
236
543
466
755
784
148
730
599
250
278
641
493
549
53
463
649
382
560
399
298
788
266
413
487
411
572
290
386
415
781
125
497
168
500
307
662
438
745
406
390
661
95
135
639
535
648
775
576
782
157
605
341
603
265
729
591
231
735
456
306
741
653
128
531
38
392
23
359
613
251
739
305
451
387
731
643
237
505
44
596
226
25
234
218
350
630
577
375
8
188
303
206
39
696
580
574
734
512
259
370
228
88
540
165
106
608
631
163
363
