CONFIGURATION LOCAL:
NUM_OF_COMPONENTS = 20
PARAM_GRID = {'C': [1, 3, 5, 8, 10],
              'gamma': [0.0001, 0.0005, 0.001, 0.005, 0.01, 0.1],
              'kernel': ['linear', 'rbf', 'poly', 'sigmoid']}
PARAM_GRID = {'C': [12],
              'gamma': [0.0075],
              'kernel': ['rbf']}
USE_TEST_DATA = False
--------------------------------
CONFIGURATION GLOBAL:
EXTENDED_DATASET = True
BLACK_BORDER = True
HARD_DIFFICULTY = False
SIMPLIFIED_CATEGORIES = False
CROPPED_VERSION = True
WRITE_TO_FILE = True
FULL_CROSS_VALIDATION = True
CROSS_VALIDATION_ITERATIONS = 5
SEED = 66478
TEST_PERCENTAGE = 20
VALIDATION_PERCENTAGE = 20
--------------------------------
--------------------------------
Full Cross-Validation: Started: 0.00s
Full Cross-Validation: Total time: 0.00s

COMPUTE 1. CROSSVALIDATION:

(10440, 10440)
[30 28 16 18 11 34 32]
[606 468 641 699 682 585 389 301  48 185 140 124 723 155 702 271 716 515
 401 681 257 550  87 840 557 611 527 310 521  60 108 368 134 732 136 538
 173 441 669 498 795 258 510 344 253 181 808 109  75 464 176  91 387 750
 581 270 714  42 575 127 789 514  19   9 720 503 227  93 695 292 312 819
 661 204 631 651 184 223 718 272 491 458 847 241  28 576 125 280 105 597
  38 225 487 769 393 680 254 639 513 392 707 812 730 813 329 555 483 205
 246 579 243 712 835 619 290   5 540 407 601 551 580 826 630 774 121  71
 106  89 818 648 307 174 421 442   4 356 123 715 273 210 612 373 636 325
 509 200  10 234 746 193 435  69  51 444 700 785 767 391 770 434 372 335
 366 423 300 331 350 302 337 660 656 622 586 175 587 543 119  37 282 569
 189 192 749  27 158 584 650 536 478 684 644 566 735  94 461  43  44 165
 552 530 755 479  72 480 704 431 634 135 559 778 495 240 708 169 574  26
 787 588 796 237 616 439 797 560 199 156 505 460 233 683 485 364  98 219
  53  65 149 845 553 197 647 838 637 635 741 100 405 380 252 499  66 148
 285 766 814 525 816 545  62 645 412 528  20  46 320 711 357 659 120 293
 159 846 107 500   3 151 153 788 326 353 322 137 198 420 805 179 830 287
  39 740 345 672 236 351  17 278 377 594 116 756  70 748 323 717 317 424
  57 126 196 686 668 804 396 398  74 781 764 825 232 810  35 842 482 709
 262 397 448 311 360 383 450 361 381 371 332 384 330 354 593 678 578 671
 673 640  21  86 101 128 753 689  16 477 831   7 727 476   2 679 177 214
 761 688 793   8  12 473 170 190 511 613 791  76 666 490 248 469 238 607
 665 590 731 786 269 697 463 664 103 111 713 739 773 751 516 374 815  11
 385 833 733 518 501 801 742 114 744 780 757 315  73 154 281  34 602 694
 762 456 599 546 624 676 207 577 642  63  29 455  67 809 242 230 724 213
 633 152 376 524 489 502 608 294  30 339 319 386 776 211  96 549  61 610
 265  23 419  36 667 336  92 758 828 129 251 172 235 803 259 324  45 652
  33 706 274 449 520 147 484 313 677 554  15 663 370 403 382 759 342 410
 104 394 811 201 428 202 348 841 467 355 832 736 701 829 298  31 375 162
 734 256 600  49 437 306 191 216 145 408 157 548 327 404 171  59 263 187
 365 561 474 558 792 304 506 472 369 445 215 526 632 604 203  83  79 195
  41 837 620  64  80 687  52 229 303 817 429 719 422 623 308 565 685 226
 627 638 443   0 399 488 296 390 562 267 760 475 316 289 836 143 453 823
 349 605  58   1 142 347 334 806 827 508  84 283 284 451 314 692 247 512
 218 454  25 497 413 446 416 333 507 426 457 362 658 662 523 297  97 657
 690 206 168 802 589 309  22 250 122 279 494 328 800 583 305 752 466 110
 433 264 220 799 772 164 138 556 765 318 231 595 822 603  88  85 572  78
 522  50 146 544 249 743 427 194 113  47 848 340 617 268 519 208 222 529
 844 726 493  18 486 539 209 338 537 721 276 582 244 568 609 115  55 367
 343 674 144 414 406 295 790 629 411 533 535  32 531 643 722 415 378  81
 725 771 839 564 696 737 698  13 710  99 592 239  90  40 729 794 754 459
 261 163 245 745 646 777 628 363 824 321 221 820 180 188 834 653 150 691
 768 782 563 517 541   6 504 161 379 738 534  14 843 649 573 102 402  24
 430 763 178 591  68 452 547 400 779 532 436 655 166 228 625 409 395 286
 432 425 784 728 693 346 139 492 615 132 570 418 798  95 358 626 703 567
 288 160 438 277 462 255 496 133 417 481 275 747 440 130 117 212 470 618
 291 141 542 471 614 341 352 359  54 388 596 783 186 571 183 299 266 598
 675  82 821 260 167  77 447 621 654 217 775 807  56 118 182 112 131 224
 465 670 705]
--------------------------------
PCA & SVM: Start learning: 0.00s
PCA & SVM: Total time: 0.00s
--------------------------------
PCA & SVM: PCA finished: 89.58s
PCA & SVM: Total time: 89.58s
--------------------------------
PCA & SVM: Finished transforming data sets: 1.10s
PCA & SVM: Total time: 1.51m
--------------------------------
PCA & SVM: Finished grid search: 6.40s
PCA & SVM: Total time: 1.62m
Best estimator found by grid search:
SVC(C=12, cache_size=200, class_weight='balanced', coef0=0.0,
  decision_function_shape=None, degree=3, gamma=0.0075, kernel='rbf',
  max_iter=-1, probability=False, random_state=66478, shrinking=True,
  tol=0.001, verbose=False)
             precision    recall  f1-score   support

       Blue       0.61      0.65      0.63        34
        Box       0.35      0.50      0.41        34
        Can       0.41      0.35      0.38        34
   Chemical       0.29      0.15      0.20        34
   Colorful       0.76      0.74      0.75        34
      Green       0.91      0.88      0.90        34
      White       0.46      0.56      0.51        34

avg / total       0.54      0.55      0.54       238

[[22  4  0  2  0  1  5]
 [ 2 17  6  2  0  0  7]
 [ 0 13 12  4  5  0  0]
 [ 4 12  5  5  2  2  4]
 [ 0  0  3  0 25  0  6]
 [ 1  0  0  3  0 30  0]
 [ 7  3  3  1  1  0 19]]
Validation error: 45.8%
+----------+------+-----+-----+------+------+------+------+-------+
|          | Blue | Box | Can | Chem | Colo | Gree | Whit | Pred  |
+==========+======+=====+=====+======+======+======+======+=======+
| Blue     | 22   | 4   | 0   | 2    | 0    | 1    | 5    | 64.7% |
+----------+------+-----+-----+------+------+------+------+-------+
| Box      | 2    | 17  | 6   | 2    | 0    | 0    | 7    | 50.0% |
+----------+------+-----+-----+------+------+------+------+-------+
| Can      | 0    | 13  | 12  | 4    | 5    | 0    | 0    | 35.3% |
+----------+------+-----+-----+------+------+------+------+-------+
| Chemical | 4    | 12  | 5   | 5    | 2    | 2    | 4    | 14.7% |
+----------+------+-----+-----+------+------+------+------+-------+
| Colorful | 0    | 0   | 3   | 0    | 25   | 0    | 6    | 73.5% |
+----------+------+-----+-----+------+------+------+------+-------+
| Green    | 1    | 0   | 0   | 3    | 0    | 30   | 0    | 88.2% |
+----------+------+-----+-----+------+------+------+------+-------+
| White    | 7    | 3   | 3   | 1    | 1    | 0    | 19   | 55.9% |
+----------+------+-----+-----+------+------+------+------+-------+
--------------------------------
PCA & SVM: Finished validation prediction: 0.08s
PCA & SVM: Total time: 1.62m

COMPUTE 2. CROSSVALIDATION:

(10440, 10440)
[30 28 16 18 11 34 32]
[716 364 288  56 232  28 392 719 368 299 197  60 737 836 257 112 475 305
 757 492 772 806 622 791  91 385 106 466 768 599 820 470 416 610 184 501
 145 578 828 444 594 450 646 604 601 834 227 557  26 306 695 223 788  49
 749 725 825 824 700 449 740 272 421 468 842 400 524 411 285 386 186 462
 107 484 789 314 813 304 512 773  84 113 166 543 265 461 423 134 185 471
 627 433 422 688 431 111 573 547 818 632 758 239 371 774 562 795 356 297
 712 182 193 660 330 662 302 665  38 687   9 303 241 628 765 311 250 612
 352 647  43 242 541 342 631 326 141 194 615 300  82 176  40  35  69 103
  37 249 268  73 593  93 220 389 605 125 251  51 678 248 589 681 673 582
 128 618   1 153 526 164 275 500 511 465 693 739 713 480 715 833 708 735
 839 819 777 477 430 847 694 704 513 811 412 800 379 745 738 489  46 127
 754 424 807 664 337 115 675 552 372 188 271 438 409 762 282 780 650 432
 479 179 720 606  68 224 312 574 405 505 568 497 210 156  58  47 770 270
 355  64  16 591 123 414 645 203 532 542 349 617  81 755 669 539 474 171
 332  41 121 816 181  70 137 626 370 455 815  33 696 318   6 698 200 169
 721 196 140 437 187   0 362 168 294 845 180 144 743 439 684 328  94 656
 142 146 252  85 236 118 782  18 255 375  67 283 133 396 178 246 635 216
 679 206 100 323 301 207 415 517 579 560 672 535 530 212 677 602 174  96
 316 383 613 588 553 648 105 345 518 683 340 630 289 338 488 502 483 493
 473 692 794 744 823 469 160 286  42 190 476 244 843 817   4  76 435  87
  30 261 425  66 703 638 454 783 793 494 558 413 390  48 402 114 616  75
 786 245 559 776  59 666 452 659 779 508 104 734 608 623 333 840 481 487
 382 273 569 830 463 657 691 221 598 219 586 234 192 609 215 339 102 229
 545 260 732 522 528 781  52 408  86 458 556 490 321 658 520 357 729  50
 607 537 705 726 747 521  31 158 576 120 258 644 167 445  14 709 110 731
 163 253  23 814 796 152 267 619 366 376 812 237 228 495 398 199 603 516
  88 175 804 451 592 149 653 472 641 805 751 417  27 443 410  92 846   3
 429 291 764 129 341 350 760 442 325 440 848 205 269 165  15 295 457   2
 327 419 567 724 117 531 600 651 667  36 154 832 177 680  11 274 136 621
 343 614 202 317  13 334 225 540 808 147 124 290 837 324 506 395 637  62
 256 204 347 254  55 399  95 404  89 143 674 835 151 583 131 365 393 266
 784 315  98 336  79 126 135 284 595 523 420 596 633 801 122 407 544 173
 671 381 307 388 482 655 478 714 148 710 448 351 309 226 170 634 663 563
 397 566 527 436 717 844  17 746  72 198 799  65 162 280 515 292 831 584
 803 183 570 733 384 446 159 670 434 561  29 797 247 519 686 767 281 564
 742 353 727 208 238 322 331 676 426 287 464 571 453 191 486 546 752 577
 348 771 447 730  12 701 707 233 418 685 682 319 155  44 809 643 391  57
  19 748 491 499 259 689 549 456  21 810 555 841 510   8 109 503  10 161
 138 277  71 172 829 374 296 278 514  78 728  34 427 329 406 639 536 723
 642 575 697 822 214 485 509 572 785  32  54 661 718  22  53 132 826 699
 367 652 231 394 802 702 706 189 649 213  61 778 736 369 243 550 344 363
 668  97 525 763 838 360 428 157 790 548 201 761  45 597 690 441 217 279
 387 359 787 361 580  83 654 756 116 459 218 139 766 401  25 264 222  20
 320 496 403 507 230  74 263  63 101 504 565 209 235 211  80 827 377  24
 722 150 792 498 108 130 335 195 636 581 629 587 378  99 759 358 585 276
  90 354 775 551 821  77 460 308 750 534 798 640 624 467 590 554 240 620
 529 346 310 533 262 373 313   7 625 293 753 298 538 711 380 769   5 119
  39 741 611]
--------------------------------
PCA & SVM: Start learning: 0.00s
PCA & SVM: Total time: 0.00s
--------------------------------
PCA & SVM: PCA finished: 81.87s
PCA & SVM: Total time: 81.87s
--------------------------------
PCA & SVM: Finished transforming data sets: 1.14s
PCA & SVM: Total time: 83.00s
--------------------------------
PCA & SVM: Finished grid search: 6.03s
PCA & SVM: Total time: 89.03s
Best estimator found by grid search:
SVC(C=12, cache_size=200, class_weight='balanced', coef0=0.0,
  decision_function_shape=None, degree=3, gamma=0.0075, kernel='rbf',
  max_iter=-1, probability=False, random_state=66478, shrinking=True,
  tol=0.001, verbose=False)
             precision    recall  f1-score   support

       Blue       0.56      0.71      0.62        34
        Box       0.51      0.56      0.54        34
        Can       0.50      0.59      0.54        34
   Chemical       0.44      0.21      0.28        34
   Colorful       0.84      0.91      0.87        34
      Green       0.84      0.91      0.87        34
      White       0.57      0.47      0.52        34

avg / total       0.61      0.62      0.61       238

[[24  1  0  0  0  3  6]
 [ 4 19  5  5  0  0  1]
 [ 2  8 20  2  2  0  0]
 [ 4  9  6  7  4  2  2]
 [ 0  0  0  0 31  0  3]
 [ 3  0  0  0  0 31  0]
 [ 6  0  9  2  0  1 16]]
Validation error: 39.2%
+----------+------+-----+-----+------+------+------+------+-------+
|          | Blue | Box | Can | Chem | Colo | Gree | Whit | Pred  |
+==========+======+=====+=====+======+======+======+======+=======+
| Blue     | 24   | 1   | 0   | 0    | 0    | 3    | 6    | 70.6% |
+----------+------+-----+-----+------+------+------+------+-------+
| Box      | 4    | 19  | 5   | 5    | 0    | 0    | 1    | 55.9% |
+----------+------+-----+-----+------+------+------+------+-------+
| Can      | 2    | 8   | 20  | 2    | 2    | 0    | 0    | 58.8% |
+----------+------+-----+-----+------+------+------+------+-------+
| Chemical | 4    | 9   | 6   | 7    | 4    | 2    | 2    | 20.6% |
+----------+------+-----+-----+------+------+------+------+-------+
| Colorful | 0    | 0   | 0   | 0    | 31   | 0    | 3    | 91.2% |
+----------+------+-----+-----+------+------+------+------+-------+
| Green    | 3    | 0   | 0   | 0    | 0    | 31   | 0    | 91.2% |
+----------+------+-----+-----+------+------+------+------+-------+
| White    | 6    | 0   | 9   | 2    | 0    | 1    | 16   | 47.1% |
+----------+------+-----+-----+------+------+------+------+-------+
--------------------------------
PCA & SVM: Finished validation prediction: 0.05s
PCA & SVM: Total time: 89.08s

COMPUTE 3. CROSSVALIDATION:

(10440, 10440)
[30 28 16 18 11 34 32]
[818  71 689  28 588 514 319 628 241 762  51 107 151 425 334 434 409 719
 205 228 456 191  12 614 108 812 217 618 351 608 815 675  11  89 563 779
 443 667 152 393 601  52 430 435 131 265 192 681 160 754 661 378 171 370
 616 447 150 201 125 571 212  72 839 734 404 396 311 422 320 349 411 778
  76 562 134 229 388 377 158 549  66 196 421 199 771 342 330 324 266 238
 699 844 590  36 345 479 477 678  62 189 536 656 111 518 190 843 289 361
 764 521 156 668 358 102 493  88 239 340 203 284 198 833 709 594 759 745
 748 796 821 286 316 106 651 310 148   2  99 803 584 582 657 623 776 121
 783 488 598 596 141  95 636 646 597 133 751 467  78 480  64 789 807 742
 831 805 492 484 506 474 486 385 397 384 426 234 381 373 268 248 243 210
 318 170 278 290 258 356 424 187 659 230 256 647 652 219 637 554 406 621
 654  94 303 174 666 260 453  43  68 673 634 403 101  90 194 360 136 515
 179   6  75 604 110 322 827 448 224 323 359 202 183 809  67 701 613 525
 274 679 282 772 543 560 524 519  29 834 537 685 650 392 296 309 288 814
  74 573 630 784 691 249 768 298 463 362 498 184 306 749  98 824 496 555
 733 178 132 444 142 813 507 517 126 149 213 329 662 714 793 164 240  50
  45 119 410 347 431 599 695  18 595 559 585 368 577 395 575 763 466 450
 117  17 665  13 118  77  96 761  83  58 817 743 799   8 773 494 767 791
 729  84 472 832 457 795 753 468 723 698 712 840 495 465 317 357 321 413
 182 308 520 325 401 610 553 365 166 390 250 369 593 642 255 405 638 568
 527 197 583 552 574 177 683 386 580 162 586 658 206 622 214 176 204  63
  34 232 535 263 609 226 541 635 544 254  92 159  87  53 611 727 433  91
 530 195 816 542 561 564 820 123 460 100 332 271 848 531 653  10  26 380
  82  44 485 671 629 801 497 374 725  24 336 115 746 482 427 617 364 782
 344 398 713  19   0 532 137 416 547 788 473  60 534  86   5 760  70 706
 684 355 810 777 570  22 338 558 672 687 211 273 576  56 702 756 333 489
 116 697 806 846 312 438 693 147 242 823 797  85 269 612 722 186 775 223
 707 231 600 375 163 780 736 680 470 275   7 168 180 185 841 664 417 264
 464 262 408 315 606 402 297 730 551 566 251 529 526 705 367 257 572 124
 540 209 648 830 735 533 193 235 758 740 161 418 717 245 639 172 619 565
 301 285 327 750 523 790 451 548  30 280 538  35 620 589 715 769 631 439
  97  14 461 109 283 441 752 481 236 804 140 741 696   4 836 113 550 253
  57 677 738 640   1 798 169  54  37 135  21 822 352 847 165 627 415 512
 510 567 757  20 732  25 215 491 655 354 578 227 432 328   3 145 624 644
 350 277 674 835 335 437 845 299 429 505 501 711  49 302 292 462 442 346
 294 632 478 703 605 643 513 842 281 157 120 475 660 440  59 341 130 420
 710 305 104 724 446 414 247 766 112 270 252  69 641 829 129 208 259 781
 669 220 556 221 808 372 770 103 591 295 704 114 633  31 387 487 452 728
 144 755 371  65 291 522  40 428 331   9 400 692 663 539 720 716 546  73
 455 826 649 469  81  32 105 471 154 802 786 419 167  42 694  16 337 509
 686 449 454 445 785 838 175 389 545 645 391  23 293 500  15  27 155 326
 300 825 587 458 314 200 348 682 626 592 569  48  46 819 304 579 261 225
 339 811 207 603 721 490 800 188 436 279 399 676  41 737 383  55 625 127
 394 744 828 726 139 244 459  61 122  80 731 787 407 794 272 476 216 343
 376 379  79 528 222 504 143 237 276 774 423 138 503  33 499 181 363 516
 287 146 700 765 233 313  38 557 670 837 353 307 508 502 688  93  47 708
 267 173 747 153 718 615  39 366 511 218 602 739 690 382 412 128 483 246
 581 607 792]
--------------------------------
PCA & SVM: Start learning: 0.00s
PCA & SVM: Total time: 0.00s
--------------------------------
PCA & SVM: PCA finished: 89.77s
PCA & SVM: Total time: 89.77s
--------------------------------
PCA & SVM: Finished transforming data sets: 1.39s
PCA & SVM: Total time: 1.52m
--------------------------------
PCA & SVM: Finished grid search: 9.19s
PCA & SVM: Total time: 1.67m
Best estimator found by grid search:
SVC(C=12, cache_size=200, class_weight='balanced', coef0=0.0,
  decision_function_shape=None, degree=3, gamma=0.0075, kernel='rbf',
  max_iter=-1, probability=False, random_state=66478, shrinking=True,
  tol=0.001, verbose=False)
             precision    recall  f1-score   support

       Blue       0.55      0.76      0.64        34
        Box       0.58      0.53      0.55        34
        Can       0.48      0.44      0.46        34
   Chemical       0.53      0.26      0.35        34
   Colorful       0.74      0.74      0.74        34
      Green       0.76      0.85      0.81        34
      White       0.50      0.59      0.54        34

avg / total       0.59      0.60      0.58       238

[[26  1  0  0  0  2  5]
 [ 3 18  8  2  0  0  3]
 [ 2  6 15  2  4  3  2]
 [ 4  5  2  9  4  4  6]
 [ 0  0  3  3 25  0  3]
 [ 4  0  0  0  0 29  1]
 [ 8  1  3  1  1  0 20]]
Validation error: 40.8%
+----------+------+-----+-----+------+------+------+------+-------+
|          | Blue | Box | Can | Chem | Colo | Gree | Whit | Pred  |
+==========+======+=====+=====+======+======+======+======+=======+
| Blue     | 26   | 1   | 0   | 0    | 0    | 2    | 5    | 76.5% |
+----------+------+-----+-----+------+------+------+------+-------+
| Box      | 3    | 18  | 8   | 2    | 0    | 0    | 3    | 52.9% |
+----------+------+-----+-----+------+------+------+------+-------+
| Can      | 2    | 6   | 15  | 2    | 4    | 3    | 2    | 44.1% |
+----------+------+-----+-----+------+------+------+------+-------+
| Chemical | 4    | 5   | 2   | 9    | 4    | 4    | 6    | 26.5% |
+----------+------+-----+-----+------+------+------+------+-------+
| Colorful | 0    | 0   | 3   | 3    | 25   | 0    | 3    | 73.5% |
+----------+------+-----+-----+------+------+------+------+-------+
| Green    | 4    | 0   | 0   | 0    | 0    | 29   | 1    | 85.3% |
+----------+------+-----+-----+------+------+------+------+-------+
| White    | 8    | 1   | 3   | 1    | 1    | 0    | 20   | 58.8% |
+----------+------+-----+-----+------+------+------+------+-------+
--------------------------------
PCA & SVM: Finished validation prediction: 0.08s
PCA & SVM: Total time: 1.67m

COMPUTE 4. CROSSVALIDATION:

(10440, 10440)
[30 28 16 18 11 34 32]
[270 414 700 424 232 349 166 470 488 476 429 453 844 821 445 612 121 120
 788 441 127 501 626 534 529  51 487 452 187 608 518 468 716 129 118 314
 720 377 400 205 752 427 636 816 319 601 370  43  98 432 304 220 798 459
 767  65 463 402 556 805 178 420 732 437 197 214 139 386 639 191 667 142
 297 109 785 574 406 130 494 710 564 416 584 156 491 133 619 339 323 714
 673 150 787 480 344 277 777 718 802  61 615 548 533  20 248 362 228 738
 715 544 285 822 781 703 177  71 204  25 739  57 207 820  52 663 699 743
 747 678 823  99 244  30 327 692 657 194 167 317 774 341 264 343 635 523
 677  91 312 146   7 575 246 219 289 303  66 605 649  18 168 261 674 210
 559 661 597 555 148  86  32 396 431 440 399 474 417 457 497 493 462 507
 365 490 513 425 447 848 694 479 833 763 776 712 726 495 504 789 691 828
 456 313 749 298 773 444 174 746 149 607 107  10 237 759 835 184 435 443
  54 610 780 590 249 260 592 250  73 641 740 295 394 656 736 239  23 169
 689 252 274 114 262 325 337 405 827 707 335 376  93 576 558 428 537 812
 322 373 254 735 578 283 438 634 279 659 842 760 199 599 105 128 647 124
  92 830   4 108 683 682 708 614 778 180 755 627 794 836 226 259 797 340
 680 192  97  50 527 242  46  35 603 552 140 135 336  95 568 198   9 123
 551  37 600 591 579 331  40 320 173 679 315 360 164 136 632 310  59 113
 284 580  15 333 183  88 354  82 255 522 604 583 188 658 509 473 505 511
 482 502 472 374 448 422 419 731 838 793 723 826 800 713 395 784 478 705
 371 442 385 725 368 729 722 734 840 408 398 469 758 401 809 709 321  16
 353 846 745 144 106 291 766  13 498 433 485 110 345  67 536 666 182   5
 477 201 165  12 263 521 690 460 458 222  63 721  69 466 750 216 625 768
 160 508 138 624 332 696 629 751 542 301 299 380 364  39 753  19 517 171
 547 484 348 593 611 126  75 450 744 772 392 756  64 660 307 159 546 637
 653 754 152 843  60 318 685 269  72 628 161 446 728 561 410 271 328 560
 646  90  48 268 528 215 257 397 525  31 596  80 157 642 514 818 526 675
 211 426 223 795 757 806 695 539 585  28 200 231 316 733 267 361 383  78
  33   6 465 225 538 282 831 243 358 531 276  77  44 762  68 125  83 693
   2 737 510 217 391 554 671 300 765 256 577 567 719 543 847 535 158 557
 730 701 439  14 706  24 221 375 382  11 483 203 247  38 347 652 516 281
 190 803 104 630 617   8 209 804 363 770 702 489 288 308 598 292 515 409
 407 839 786 500 748 240 275 769  56 251 681  21 550 280 651 119 587 618
  26 779 741 655 381 807 687 145 638 790  58 467 499 698  22 717 724 342
 532 832 676 389 132 162 451 185 697 330 825 387 519 143 241 541 644 306
  74 176 112 355 290 817 403 711 430 338 595 588 775   3 669 234 808 287
 411 103  96 305 170 278 540 819 418 686 633 134 423 664  53 616 455 782
 324 573 461 761 811 631 565   0  81 586 195  34 293 549 771 589 266 334
 672 153 412 824 620 670  17 524 481 235 131 116 367  42 492 265 404 570
 117 569 454 503 606 329 384 571 227 311 357 302 352 801 224 530  94 566
 594 799 421 388 613 155 189 296 122 581 100  55 350 272 366 792 218 727
 230 147 814 506 471 582  45 545 213  76 369 650 379  85 151  47 563 154
 238 378 434 643  87 141  70 841 684 512 662 648 449 236 834 258 572 520
 623 791 273 436 137 309 783 609 742 186 393 229 415 115 111  27 553 475
 813  36 845 326 602   1 810 253 212  41  62 413 294 654 829 172  79 202
  89 245  84 796 102 704 668 233 665 486 181 640 464 372 688 208 815 193
 101 496 359 179 645 837 764 562 356  49 622  29 175 286 351 346 196 163
 390 206 621]
--------------------------------
PCA & SVM: Start learning: 0.00s
PCA & SVM: Total time: 0.00s
--------------------------------
PCA & SVM: PCA finished: 76.41s
PCA & SVM: Total time: 76.41s
--------------------------------
PCA & SVM: Finished transforming data sets: 1.42s
PCA & SVM: Total time: 77.84s
--------------------------------
PCA & SVM: Finished grid search: 7.29s
PCA & SVM: Total time: 85.13s
Best estimator found by grid search:
SVC(C=12, cache_size=200, class_weight='balanced', coef0=0.0,
  decision_function_shape=None, degree=3, gamma=0.0075, kernel='rbf',
  max_iter=-1, probability=False, random_state=66478, shrinking=True,
  tol=0.001, verbose=False)
             precision    recall  f1-score   support

       Blue       0.62      0.74      0.68        34
        Box       0.71      0.65      0.68        34
        Can       0.68      0.56      0.61        34
   Chemical       0.70      0.41      0.52        34
   Colorful       0.82      0.91      0.86        34
      Green       1.00      0.94      0.97        34
      White       0.41      0.59      0.48        34

avg / total       0.71      0.68      0.69       238

[[25  1  0  0  0  0  8]
 [ 2 22  5  2  1  0  2]
 [ 0  4 19  0  4  0  7]
 [ 6  3  2 14  0  0  9]
 [ 0  0  0  0 31  0  3]
 [ 0  0  0  2  0 32  0]
 [ 7  1  2  2  2  0 20]]
Validation error: 29.5%
+----------+------+-----+-----+------+------+------+------+-------+
|          | Blue | Box | Can | Chem | Colo | Gree | Whit | Pred  |
+==========+======+=====+=====+======+======+======+======+=======+
| Blue     | 25   | 1   | 0   | 0    | 0    | 0    | 8    | 73.5% |
+----------+------+-----+-----+------+------+------+------+-------+
| Box      | 2    | 22  | 5   | 2    | 1    | 0    | 2    | 64.7% |
+----------+------+-----+-----+------+------+------+------+-------+
| Can      | 0    | 4   | 19  | 0    | 4    | 0    | 7    | 55.9% |
+----------+------+-----+-----+------+------+------+------+-------+
| Chemical | 6    | 3   | 2   | 14   | 0    | 0    | 9    | 41.2% |
+----------+------+-----+-----+------+------+------+------+-------+
| Colorful | 0    | 0   | 0   | 0    | 31   | 0    | 3    | 91.2% |
+----------+------+-----+-----+------+------+------+------+-------+
| Green    | 0    | 0   | 0   | 2    | 0    | 32   | 0    | 94.1% |
+----------+------+-----+-----+------+------+------+------+-------+
| White    | 7    | 1   | 2   | 2    | 2    | 0    | 20   | 58.8% |
+----------+------+-----+-----+------+------+------+------+-------+
--------------------------------
PCA & SVM: Finished validation prediction: 0.05s
PCA & SVM: Total time: 85.18s

COMPUTE 5. CROSSVALIDATION:

(10440, 10440)
[30 28 16 18 11 34 32]
[135 277 718  63 704 782 619 674 846 223 465 637 201 300 600 395 682 645
 623 284 266  18 131 514   3 112 192 516 732 477  69 413 821 525 437 462
 493 571 469 446 341 622 136 502 698 562 421  16 595 757 409 725 680 651
 289 242 470 574 397 276 254 362 517 225 287 567 261 213 118 128 580 336
 303 576 554 235 479 474 109 214  47 481 656 549 233 842  22 706 146  61
 148 440 597  10 380 434 151 379   6 608 657 291 583  79 588 844 212 621
 400 710 459 738 793   9 691 203 705 577 367 776 668 406 339  71  94  97
  12 130  17 237 174  53  42 584 627 393  34 316 204 230 187 797 222 280
 807 843 762 419 783 745 224 206 333 805 442 750 351 337 453 327 823 739
 800 798 294 346 837 701 355 496 603  90 552 650 630 467 546 100  58 500
 191 258 181 529 665  85 538 172 162 221 522 558 464 430 159 411 169 175
 436 582 524 138 153  21 655 401 458 541 598  19 604 269 382 104  74 533
 190 712 838 835 252 679 632 537 553 639 285 824 735 198 829 687 259 296
  40 780  62 119 457   8 788 752 763 451 298 652 455 107 555 740 164 425
  93 241 486 743 548 424 681 353 307  92 611 343 360 325 713 473 771 563
 773 751 570 518 828 612  24 836 344  28 309 132  57 489 770 219 420 238
 251 530 707  33 644 304 398 439 543 443 808 448 129 184 799 144 384 194
 226  13  36 839 220  14 820  75 781 320 120 127  29 794 363 830 416 452
 696 478 848 491 832 391 726 330 193 210 231 345 315 306 561 670 683 575
 535 628 125  59 592 688 722 565 101 700 394 372 615 579 729 494 364  46
 495 636 711 755 642 758 557  48 545 376 666  20 572 137 454 157 778 569
  51  87 593 186 618 662 506 368 736 764  67 105 646 140 602 208  64 647
 671 113 182 629 126 385 616 507  86 716 559 663 520 765 152   4 512 578
 124 678  38 359 772 673 542 523 463 460 366  96 147 158 789 804 747 435
 609 787  44 769 606 607 326 717 768 737 819 503 161  80 370 774  68 827
 348  49 817 742 319 508 211 741 753 526  43 528 746 544 106 331 564 803
 417  65 661 845  95 347 501 801 527 407 536 313 218 589 340 792 847 426
 714 310 302 497 433 720  98  66  26 784 703 638 244 428 412 263 177 812
 566 155 590 539 690 581 390 802 165 648 369 709 274 321 228 422 275 375
 270 271 441 103 149 312  82 760 262 447 785 288 278 790 247 471   2  70
 323 195 504 786 697  54 189 483 314 216 229 311  45 685 133 488 431 154
 631 299  77 695 759  39 297 183 833 445 715 594  99 456 626 540 624 255
 267 234   7 215  72 625 403 293 217 519 676 415 684 556  52 429 196  84
 822 472 444 724 240 591 840 667 601 723 236 335  89 205 468 672 408 660
 617 731 179 243 699 295 669 173  23 290 761 505 163  88 777 733  73 492
 305 633 438 108 596 171  91 232 116 282  55 115 499 831 399 675 587  35
 188  60 356 498 664  81 286 114 117 170 653  15  30 686  31 756 475 185
 134 378 427 694 585 281 156 268 811 721 392 122 654 677 490 610 272 476
 649 141 334 324 199 814 292 513 377 534 180 178 405 809 532 121 361 248
 322 744 301 402 730 249 568 708 573  25 264 279 176 796 614 510 410 658
 338   5 613 509 373 834 767 250  37 209 484 605 388 357 791 689 815 150
 635  83 160 560 754 352 487 749 423 511 620 389 702  76 766 123  11  50
 253 825 450 461 775 342 317 349 239 748 227  32 111 547 318 466 381 102
 728 166   1 246 365 482 387 449 139 586 265 386 329 358 806 308 143 383
 273 599 515 634 480 521 168 167 813 328 396 485 795  56 810 350  27 418
 142  78 779 260 818 659 110 693 550 727 354 404  41 257 531 643 332 371
 374 283 245 432 202   0 145 826 200 551 197 414 207 692 816 640 734 841
 641 719 256]
--------------------------------
PCA & SVM: Start learning: 0.00s
PCA & SVM: Total time: 0.00s
--------------------------------
PCA & SVM: PCA finished: 82.23s
PCA & SVM: Total time: 82.23s
--------------------------------
PCA & SVM: Finished transforming data sets: 1.42s
PCA & SVM: Total time: 83.65s
--------------------------------
PCA & SVM: Finished grid search: 7.33s
PCA & SVM: Total time: 1.52m
Best estimator found by grid search:
SVC(C=12, cache_size=200, class_weight='balanced', coef0=0.0,
  decision_function_shape=None, degree=3, gamma=0.0075, kernel='rbf',
  max_iter=-1, probability=False, random_state=66478, shrinking=True,
  tol=0.001, verbose=False)
             precision    recall  f1-score   support

       Blue       0.59      0.85      0.70        34
        Box       0.58      0.74      0.65        34
        Can       0.59      0.59      0.59        34
   Chemical       0.69      0.26      0.38        34
   Colorful       0.79      0.79      0.79        34
      Green       0.91      0.88      0.90        34
      White       0.53      0.50      0.52        34

avg / total       0.67      0.66      0.65       238

[[29  1  0  0  0  1  3]
 [ 0 25  5  2  0  0  2]
 [ 0  4 20  0  6  0  4]
 [ 6 12  3  9  0  2  2]
 [ 0  0  3  0 27  0  4]
 [ 3  0  0  1  0 30  0]
 [11  1  3  1  1  0 17]]
Validation error: 33.0%
+----------+------+-----+-----+------+------+------+------+-------+
|          | Blue | Box | Can | Chem | Colo | Gree | Whit | Pred  |
+==========+======+=====+=====+======+======+======+======+=======+
| Blue     | 29   | 1   | 0   | 0    | 0    | 1    | 3    | 85.3% |
+----------+------+-----+-----+------+------+------+------+-------+
| Box      | 0    | 25  | 5   | 2    | 0    | 0    | 2    | 73.5% |
+----------+------+-----+-----+------+------+------+------+-------+
| Can      | 0    | 4   | 20  | 0    | 6    | 0    | 4    | 58.8% |
+----------+------+-----+-----+------+------+------+------+-------+
| Chemical | 6    | 12  | 3   | 9    | 0    | 2    | 2    | 26.5% |
+----------+------+-----+-----+------+------+------+------+-------+
| Colorful | 0    | 0   | 3   | 0    | 27   | 0    | 4    | 79.4% |
+----------+------+-----+-----+------+------+------+------+-------+
| Green    | 3    | 0   | 0   | 1    | 0    | 30   | 0    | 88.2% |
+----------+------+-----+-----+------+------+------+------+-------+
| White    | 11   | 1   | 3   | 1    | 1    | 0    | 17   | 50.0% |
+----------+------+-----+-----+------+------+------+------+-------+
--------------------------------
PCA & SVM: Finished validation prediction: 0.08s
PCA & SVM: Total time: 1.52m


 Full Cross Validation results:

Validation error: 37.6%
+----------+------+-----+-----+------+------+------+------+-------+
|          | Blue | Box | Can | Chem | Colo | Gree | Whit | Pred  |
+==========+======+=====+=====+======+======+======+======+=======+
| Blue     | 126  | 8   | 0   | 2    | 0    | 7    | 27   | 74.1% |
+----------+------+-----+-----+------+------+------+------+-------+
| Box      | 11   | 101 | 29  | 13   | 1    | 0    | 15   | 59.4% |
+----------+------+-----+-----+------+------+------+------+-------+
| Can      | 4    | 35  | 86  | 8    | 21   | 3    | 13   | 50.6% |
+----------+------+-----+-----+------+------+------+------+-------+
| Chemical | 24   | 41  | 18  | 44   | 10   | 10   | 23   | 25.9% |
+----------+------+-----+-----+------+------+------+------+-------+
| Colorful | 0    | 0   | 9   | 3    | 139  | 0    | 19   | 81.8% |
+----------+------+-----+-----+------+------+------+------+-------+
| Green    | 11   | 0   | 0   | 6    | 0    | 152  | 1    | 89.4% |
+----------+------+-----+-----+------+------+------+------+-------+
| White    | 39   | 6   | 20  | 7    | 5    | 1    | 92   | 54.1% |
+----------+------+-----+-----+------+------+------+------+-------+
--------------------------------
Full Cross-Validation: Finished: 8.67m
Full Cross-Validation: Total time: 8.67m
