CONFIGURATION LOCAL:
NUM_OF_COMPONENTS = 120
PARAM_GRID = {'C': [1, 3, 5, 8, 10],
              'gamma': [0.0001, 0.0005, 0.001, 0.005, 0.01, 0.1],
              'kernel': ['linear', 'rbf', 'poly', 'sigmoid']}
PARAM_GRID = {'C': [10],
              'gamma': [0.0075],
              'kernel': ['sigmoid']}
USE_TEST_DATA = False
--------------------------------
CONFIGURATION GLOBAL:
EXTENDED_DATASET = True
BLACK_BORDER = True
HARD_DIFFICULTY = False
SIMPLIFIED_CATEGORIES = False
CROPPED_VERSION = True
WRITE_TO_FILE = True
FULL_CROSS_VALIDATION = True
CROSS_VALIDATION_ITERATIONS = 5
SEED = 66478
TEST_PERCENTAGE = 20
VALIDATION_PERCENTAGE = 20
--------------------------------
--------------------------------
Full Cross-Validation: Started: 0.00s
Full Cross-Validation: Total time: 0.00s

COMPUTE 1. CROSSVALIDATION:

(10440, 10440)
[30 28 16 18 11 34 32]
[606 468 641 699 682 585 389 301  48 185 140 124 723 155 702 271 716 515
 401 681 257 550  87 840 557 611 527 310 521  60 108 368 134 732 136 538
 173 441 669 498 795 258 510 344 253 181 808 109  75 464 176  91 387 750
 581 270 714  42 575 127 789 514  19   9 720 503 227  93 695 292 312 819
 661 204 631 651 184 223 718 272 491 458 847 241  28 576 125 280 105 597
  38 225 487 769 393 680 254 639 513 392 707 812 730 813 329 555 483 205
 246 579 243 712 835 619 290   5 540 407 601 551 580 826 630 774 121  71
 106  89 818 648 307 174 421 442   4 356 123 715 273 210 612 373 636 325
 509 200  10 234 746 193 435  69  51 444 700 785 767 391 770 434 372 335
 366 423 300 331 350 302 337 660 656 622 586 175 587 543 119  37 282 569
 189 192 749  27 158 584 650 536 478 684 644 566 735  94 461  43  44 165
 552 530 755 479  72 480 704 431 634 135 559 778 495 240 708 169 574  26
 787 588 796 237 616 439 797 560 199 156 505 460 233 683 485 364  98 219
  53  65 149 845 553 197 647 838 637 635 741 100 405 380 252 499  66 148
 285 766 814 525 816 545  62 645 412 528  20  46 320 711 357 659 120 293
 159 846 107 500   3 151 153 788 326 353 322 137 198 420 805 179 830 287
  39 740 345 672 236 351  17 278 377 594 116 756  70 748 323 717 317 424
  57 126 196 686 668 804 396 398  74 781 764 825 232 810  35 842 482 709
 262 397 448 311 360 383 450 361 381 371 332 384 330 354 593 678 578 671
 673 640  21  86 101 128 753 689  16 477 831   7 727 476   2 679 177 214
 761 688 793   8  12 473 170 190 511 613 791  76 666 490 248 469 238 607
 665 590 731 786 269 697 463 664 103 111 713 739 773 751 516 374 815  11
 385 833 733 518 501 801 742 114 744 780 757 315  73 154 281  34 602 694
 762 456 599 546 624 676 207 577 642  63  29 455  67 809 242 230 724 213
 633 152 376 524 489 502 608 294  30 339 319 386 776 211  96 549  61 610
 265  23 419  36 667 336  92 758 828 129 251 172 235 803 259 324  45 652
  33 706 274 449 520 147 484 313 677 554  15 663 370 403 382 759 342 410
 104 394 811 201 428 202 348 841 467 355 832 736 701 829 298  31 375 162
 734 256 600  49 437 306 191 216 145 408 157 548 327 404 171  59 263 187
 365 561 474 558 792 304 506 472 369 445 215 526 632 604 203  83  79 195
  41 837 620  64  80 687  52 229 303 817 429 719 422 623 308 565 685 226
 627 638 443   0 399 488 296 390 562 267 760 475 316 289 836 143 453 823
 349 605  58   1 142 347 334 806 827 508  84 283 284 451 314 692 247 512
 218 454  25 497 413 446 416 333 507 426 457 362 658 662 523 297  97 657
 690 206 168 802 589 309  22 250 122 279 494 328 800 583 305 752 466 110
 433 264 220 799 772 164 138 556 765 318 231 595 822 603  88  85 572  78
 522  50 146 544 249 743 427 194 113  47 848 340 617 268 519 208 222 529
 844 726 493  18 486 539 209 338 537 721 276 582 244 568 609 115  55 367
 343 674 144 414 406 295 790 629 411 533 535  32 531 643 722 415 378  81
 725 771 839 564 696 737 698  13 710  99 592 239  90  40 729 794 754 459
 261 163 245 745 646 777 628 363 824 321 221 820 180 188 834 653 150 691
 768 782 563 517 541   6 504 161 379 738 534  14 843 649 573 102 402  24
 430 763 178 591  68 452 547 400 779 532 436 655 166 228 625 409 395 286
 432 425 784 728 693 346 139 492 615 132 570 418 798  95 358 626 703 567
 288 160 438 277 462 255 496 133 417 481 275 747 440 130 117 212 470 618
 291 141 542 471 614 341 352 359  54 388 596 783 186 571 183 299 266 598
 675  82 821 260 167  77 447 621 654 217 775 807  56 118 182 112 131 224
 465 670 705]
--------------------------------
PCA & SVM: Start learning: 0.00s
PCA & SVM: Total time: 0.00s
--------------------------------
PCA & SVM: PCA finished: 6.10m
PCA & SVM: Total time: 6.10m
--------------------------------
PCA & SVM: Finished transforming data sets: 6.24s
PCA & SVM: Total time: 6.21m
--------------------------------
PCA & SVM: Finished grid search: 16.45s
PCA & SVM: Total time: 6.48m
Best estimator found by grid search:
SVC(C=10, cache_size=200, class_weight='balanced', coef0=0.0,
  decision_function_shape=None, degree=3, gamma=0.0075, kernel='sigmoid',
  max_iter=-1, probability=False, random_state=66478, shrinking=True,
  tol=0.001, verbose=False)
             precision    recall  f1-score   support

       Blue       0.57      0.62      0.59        34
        Box       0.37      0.41      0.39        34
        Can       0.43      0.59      0.50        34
   Chemical       0.23      0.21      0.22        34
   Colorful       0.54      0.56      0.55        34
      Green       1.00      0.71      0.83        34
      White       0.46      0.38      0.42        34

avg / total       0.52      0.50      0.50       238

[[21  2  2  3  1  0  5]
 [ 3 14  7  7  3  0  0]
 [ 2  4 20  4  4  0  0]
 [ 4 15  4  7  2  0  2]
 [ 0  0  9  0 19  0  6]
 [ 3  1  1  2  1 24  2]
 [ 4  2  3  7  5  0 13]]
Validation error: 48.4%
+----------+------+-----+-----+------+------+------+------+-------+
|          | Blue | Box | Can | Chem | Colo | Gree | Whit | Pred  |
+==========+======+=====+=====+======+======+======+======+=======+
| Blue     | 21   | 2   | 2   | 3    | 1    | 0    | 5    | 61.8% |
+----------+------+-----+-----+------+------+------+------+-------+
| Box      | 3    | 14  | 7   | 7    | 3    | 0    | 0    | 41.2% |
+----------+------+-----+-----+------+------+------+------+-------+
| Can      | 2    | 4   | 20  | 4    | 4    | 0    | 0    | 58.8% |
+----------+------+-----+-----+------+------+------+------+-------+
| Chemical | 4    | 15  | 4   | 7    | 2    | 0    | 2    | 20.6% |
+----------+------+-----+-----+------+------+------+------+-------+
| Colorful | 0    | 0   | 9   | 0    | 19   | 0    | 6    | 55.9% |
+----------+------+-----+-----+------+------+------+------+-------+
| Green    | 3    | 1   | 1   | 2    | 1    | 24   | 2    | 70.6% |
+----------+------+-----+-----+------+------+------+------+-------+
| White    | 4    | 2   | 3   | 7    | 5    | 0    | 13   | 38.2% |
+----------+------+-----+-----+------+------+------+------+-------+
--------------------------------
PCA & SVM: Finished validation prediction: 0.14s
PCA & SVM: Total time: 6.48m

COMPUTE 2. CROSSVALIDATION:

(10440, 10440)
[30 28 16 18 11 34 32]
[775 656  92 392 393 189 466   7  98 305 355  68 400 303 813  75 748 350
 508 381 105 178 132 150 418 122 546 157  29 513 505  23  47 783 455 331
 677  72 340 406 146 655 470 586 384 785 124 682 538 231 533 838 820 753
 310 251 525 396 512 540 159 166 233  25 729 186 759 725 337 657 547 702
  26  51 266 109 184 214 736 278 196 488 532 394 279 191  21 156 812 779
 358 792 300 123 370  32 730 799 144 360 800 469 596 614 760 437  88 772
 709 386 387 287 624 589 450 202   9 172 491 673 788 158 609 808 778 801
 710 408 650 143 463 338 427 814 738 359 675 541 735  84 847 697 277 664
 612 220 606 313 224 296 527  65  90 354 111 507 633  20 235 276 617 163
 575 520 535 610 534 605 364 717 825 304 747 339 695 473 716  28 130 145
 793 830  31  54 492 809  10 751  70 265 691 239 133 328 496 724 694 307
 299 497 713 294 253 116   4 704 399 592 372 429 318 194 247  78 237 844
 557  89 523 110  50 599 160 484 373 100 270 843 293 798 647 458 170 810
  43 476 342  62 182  73 467  16 602 192 638 752 104 440 117  39 262 479
 297  33 678 652 537 796 464 435   5 206 375  79 766 383 280 721 576 212
 333 199 126 499 836 768 672 263  97 719 803 421 129   1 767 356 777 514
 306 529 749 620  57 718 733 456 569 636 267 770 351 334 566 290 601 193
 221 670 434 442 395 391 634 217 213 554 644 519 243 149 181 281 174 195
 683 553 431 572 378 551 430 619 658 409 531 587 550 649 477 135  52 475
 821 712 804  59 119  11 823 308 480  67 786 511  66 831 764 754  13 216
 298 112  83 789 362  37  94 330 198 332  12  85  38 319 188 121 106  40
 256 398 432 815 745 715 807 423 826 460 227 412  99 827 483 481 389 737
  15 357 490 574 598 544 379  74 416 817 443 846 829 696 361 255 805 564
 292 593 127 323  64 250 348 388 259 771 659 286 311  76 579 584 171 500
 780  87 763 642 562 315 627 245 136 241 530 839 487  19 147 684 567 822
 165 368 167 465 238 692 403  81 693 155 645 367 585 837 503 115 510 744
 329 756  24 528 175 169 322 706 769 439 254 818 705 138 641 211 246 168
 563 552 603 272 539 790 845  77 699 176 446 441 148  91  14 471 223 708
 151 688 517 344 604 260 565 374 832 518 447 324 309 580 824 405 478   6
 516 225 543 325 114 686  55 209 781 787 107 597 291 271 402   2   0 615
 268  18 179 640 459 524 561 802 663  27 506 219 346 502 336 185  36 486
 629 474  34 761  42  35  93 345 349 643 651 623 257 353 582 679 425 526
 661 161 521 522  96 103 560 608 205 207 411 639 746 728 583 451 327 137
 210 622 234 371 669 828 201 654 215 183 407 740 289  22 726 504 404 755
 549  44 674 448 288 536  61 444 343 671 687 321 607 382 578 452 676 422
 482  60 618 681 236 498 666 314 630 208 489 200 366 269 153 621 545 774
 173 273 410 625 797 261 187 131 177 727 472 700 668 424 714 162 363 453
  86 739 548 312 134  95 118 834 426  17 341 509 462 750 142 197  63 841
 559 128 742 577 468   8  45 722 401 414 660   3 635 648 390 275 685  58
 848 689 180 249  80 317 762 449 102 413 264 301 732 365 203  46 680 701
 494 228 791 741 573 662 628 415 570 436 613 347 632 218 711 385 637 581
 101 773 723 495 653 776 141 320 626 703 698 352  30 108 420 631 152 204
  48 555 811  41 125 568 542 274 665 558 594 758 222 806 485 240 795 794
 765 140 226 600  69 571 501 369 113 242 428 282 285 284 190 707 840 457
 782 302 743 461 690 229 784 377 417 438 232 244 326 556 616 588 720 139
 835 283  56 590 833  53 842 667 433  82 591 819 120 595 316 397 295 611
 154 419 515  49 734  71 493 731 230 335 445 757 376 816 646 248 252 258
 164 454 380]
--------------------------------
PCA & SVM: Start learning: 0.00s
PCA & SVM: Total time: 0.00s
--------------------------------
PCA & SVM: PCA finished: 5.61m
PCA & SVM: Total time: 5.61m
--------------------------------
PCA & SVM: Finished transforming data sets: 4.22s
PCA & SVM: Total time: 5.68m
--------------------------------
PCA & SVM: Finished grid search: 14.28s
PCA & SVM: Total time: 5.92m
Best estimator found by grid search:
SVC(C=10, cache_size=200, class_weight='balanced', coef0=0.0,
  decision_function_shape=None, degree=3, gamma=0.0075, kernel='sigmoid',
  max_iter=-1, probability=False, random_state=66478, shrinking=True,
  tol=0.001, verbose=False)
             precision    recall  f1-score   support

       Blue       0.62      0.68      0.65        34
        Box       0.50      0.44      0.47        34
        Can       0.40      0.71      0.51        34
   Chemical       0.39      0.44      0.42        34
   Colorful       0.86      0.56      0.68        34
      Green       1.00      0.79      0.89        34
      White       0.42      0.29      0.34        34

avg / total       0.60      0.56      0.56       238

[[23  0  3  6  0  0  2]
 [ 1 15  9  7  2  0  0]
 [ 2  6 24  0  0  0  2]
 [ 2  8  3 15  0  0  6]
 [ 3  0  9  0 19  0  3]
 [ 0  0  6  0  0 27  1]
 [ 6  1  6 10  1  0 10]]
Validation error: 40.0%
+----------+------+-----+-----+------+------+------+------+-------+
|          | Blue | Box | Can | Chem | Colo | Gree | Whit | Pred  |
+==========+======+=====+=====+======+======+======+======+=======+
| Blue     | 23   | 0   | 3   | 6    | 0    | 0    | 2    | 67.6% |
+----------+------+-----+-----+------+------+------+------+-------+
| Box      | 1    | 15  | 9   | 7    | 2    | 0    | 0    | 44.1% |
+----------+------+-----+-----+------+------+------+------+-------+
| Can      | 2    | 6   | 24  | 0    | 0    | 0    | 2    | 70.6% |
+----------+------+-----+-----+------+------+------+------+-------+
| Chemical | 2    | 8   | 3   | 15   | 0    | 0    | 6    | 44.1% |
+----------+------+-----+-----+------+------+------+------+-------+
| Colorful | 3    | 0   | 9   | 0    | 19   | 0    | 3    | 55.9% |
+----------+------+-----+-----+------+------+------+------+-------+
| Green    | 0    | 0   | 6   | 0    | 0    | 27   | 1    | 79.4% |
+----------+------+-----+-----+------+------+------+------+-------+
| White    | 6    | 1   | 6   | 10   | 1    | 0    | 10   | 29.4% |
+----------+------+-----+-----+------+------+------+------+-------+
--------------------------------
PCA & SVM: Finished validation prediction: 0.13s
PCA & SVM: Total time: 5.92m

COMPUTE 3. CROSSVALIDATION:

(10440, 10440)
[30 28 16 18 11 34 32]
[729 375 633  30 597  35 749 374 584 756 796 734 820 832  74 829 631 262
 560 291 769 416  44 646 397  47 156 377 765  96 389 482 569 741 207 670
 376 190 185  48 431 258 287 274 762 223 150 541 117 410 768 842 261 516
 183 612 778 306 790 142  68 259 112 146 243 665  19 277 540 787 495 547
 634 707 153 701 222 490 286 847 182 159 586  55   0 392 506 583 562 846
 395 276 735 629 603 489 181 716 329 247 309 200 830  20 343 402 430 121
  50 282   8 305 700 652 606 488 143 350 148 590 348 125 592 199 530 198
 127 596 564 813 401 702 610 662 267 548 588 656 355 783  92 140 738  93
 673 515 319 362 411 345 456 365  40 360  53  36   9 462 513 727 486 449
 791 354 718 321 339 487 499 549 643 194 172 600 236   7 573 135 428   6
 624 208 147 246 227 818 659 151 815 766 607 680 593  26 736  18 683 231
 779 747 621 440 746  32 759 315 798 719 423 137 123 414 658  17 366 644
 808 822 255 614 595 119  99 313 730 106 314 585 613 711  16 323 674 138
 577 567 510 161 627 356 244 675 176  45 793 691 245 521 444 417 806 695
 448 602  25 694 337 776 598 281 435 220 485 752 221 690 322 728 582 704
 108 445 340 105 367 278 169 454 763 601 519  37 232 311 124  10  71 514
 197 160 418 492 805 217 453 103 272 233 427 209 737 352 544 556  77 542
 679 511 290 824 165 187 450 330 667 447 248 429 130 324 771 811 827 467
  75 338 100 507 351   5 301  56 742 463 502 483 473 466 186 608 149 250
 398 539 400 555 671 177 368 626 640 372 260 630 335 297 525 792  91 545
 686 848 206  69 551 424 692 326 171 835 316 216 697 570  80 442 657 386
 342 433 720 723 786 522 109 164 639 527 212 280 817 538 554  38 113 650
 743  13  58 546 215 838  52 162 379 132 712 294 266 426 589 713  63  94
  66 174 833  42 193 543 451  61 689 381 394 409 717 837 641 794 810 645
 257 678 532 809 320 840  22  54 721 807 715 384 553 195 687  72 436 373
 617 358 118 253 472 289 753 571 775 666 637 404  60 273  85 784 283 101
 802 157 731  27  88 239 370 154 773 557 709  51 263 803 214  89 523 452
 363 524 622 129 421 475 536 415  57 677 111 441 455 663  39 382 458 327
 616  79 591 745 533 211 781 710 432 254 611 636 481 497 235  64 439 264
 642 333 256 380 385 241 184 751 238 565 279 653  82 226 114 512 744 469
 615 651 839 559 724  86 310 529 682 800 408 317 230 446 388  70 774 625
 804 192 788 816  98 823 412 494 302 369  24 391 202 782 834 503   3 623
 703 104 141 378 341 537 836 293 413 131 698 299 307 757 843 102 144  11
 229 760 676 812 797  83 419 204  84 269 740 825 205 133 661 228  34  73
 579 620 474  28 509 699 201 761 163 116 271 122 240 180 406 526 403 755
 332 478 110   1 468 349 708 152 364 732 357 120  15 493 134 789 346  59
 251 285 107 179 155 136 304 535 655 635 191 638 465 437 300 563 504 361
   4 649 218 420 237 196 780 347 647 203 334 770 167 275 189 396 252 550
 714 693 826 814 696 249 785 213 399 500 175  87 295 841 844 219 669 270
  97 733 681 758 390 471 434 318 477 575 298 292 748  23 387 496  62 371
 188 139 170 517 460 491 284 288  67 422 128 344 580  21 619  65 777  95
 845 688 632 566 828 225  76 660 303 325 328 821 353 158 684 265 438 772
 464 599  14 425 234 459 561 581 654 706 764 505 578  90 457 552 443 476
 531  46 672  12  29   2 801 166 587 520 461 528 726 609 518 739 628 501
 685 574 126 470 568  31 336 604  43 479 224 173 383 312 648 572  78 668
 795 664 484 268  33 331 168 750 618  49 407 145 308 605 594 831 296 359
 508 498  41 767 115 210 534 819 576 405 725 558 754 722 242 799 480 393
 705 178  81]
--------------------------------
PCA & SVM: Start learning: 0.00s
PCA & SVM: Total time: 0.00s
--------------------------------
PCA & SVM: PCA finished: 4.90m
PCA & SVM: Total time: 4.90m
--------------------------------
PCA & SVM: Finished transforming data sets: 4.28s
PCA & SVM: Total time: 4.97m
--------------------------------
PCA & SVM: Finished grid search: 13.42s
PCA & SVM: Total time: 5.20m
Best estimator found by grid search:
SVC(C=10, cache_size=200, class_weight='balanced', coef0=0.0,
  decision_function_shape=None, degree=3, gamma=0.0075, kernel='sigmoid',
  max_iter=-1, probability=False, random_state=66478, shrinking=True,
  tol=0.001, verbose=False)
             precision    recall  f1-score   support

       Blue       0.50      0.53      0.51        34
        Box       0.50      0.38      0.43        34
        Can       0.43      0.68      0.52        34
   Chemical       0.48      0.68      0.56        34
   Colorful       0.62      0.53      0.57        34
      Green       1.00      0.76      0.87        34
      White       0.47      0.26      0.34        34

avg / total       0.57      0.55      0.54       238

[[18  2  2  3  4  0  5]
 [ 2 13  9 10  0  0  0]
 [ 0  4 23  3  4  0  0]
 [ 2  4  0 23  0  0  5]
 [ 3  0 10  3 18  0  0]
 [ 4  0  2  2  0 26  0]
 [ 7  3  8  4  3  0  9]]
Validation error: 42.9%
+----------+------+-----+-----+------+------+------+------+-------+
|          | Blue | Box | Can | Chem | Colo | Gree | Whit | Pred  |
+==========+======+=====+=====+======+======+======+======+=======+
| Blue     | 18   | 2   | 2   | 3    | 4    | 0    | 5    | 52.9% |
+----------+------+-----+-----+------+------+------+------+-------+
| Box      | 2    | 13  | 9   | 10   | 0    | 0    | 0    | 38.2% |
+----------+------+-----+-----+------+------+------+------+-------+
| Can      | 0    | 4   | 23  | 3    | 4    | 0    | 0    | 67.6% |
+----------+------+-----+-----+------+------+------+------+-------+
| Chemical | 2    | 4   | 0   | 23   | 0    | 0    | 5    | 67.6% |
+----------+------+-----+-----+------+------+------+------+-------+
| Colorful | 3    | 0   | 10  | 3    | 18   | 0    | 0    | 52.9% |
+----------+------+-----+-----+------+------+------+------+-------+
| Green    | 4    | 0   | 2   | 2    | 0    | 26   | 0    | 76.5% |
+----------+------+-----+-----+------+------+------+------+-------+
| White    | 7    | 3   | 8   | 4    | 3    | 0    | 9    | 26.5% |
+----------+------+-----+-----+------+------+------+------+-------+
--------------------------------
PCA & SVM: Finished validation prediction: 0.12s
PCA & SVM: Total time: 5.20m

COMPUTE 4. CROSSVALIDATION:

(10440, 10440)
[30 28 16 18 11 34 32]
[623 506 541 152 797 533 428 595 210 331 740 712 177 457 526 642 108 581
 469 126 720 654 145 342 256 496 594 549 574 321 688 135 423 700  81 383
 292 242  21 544 381 547  38 140 522 114 132 702 589 801 431 218 328 803
 607 416 148 630 154 474  99 567  82 760 728 813 163 552 529 164 613 208
 225 237 820 471 659 240 816 651 755 391 835 830 818 629 588 790 464  68
 141 399 772 525 489 301 575 727 425  55 192 821 193 271 330 632 401 597
 397 344 119 576 771  22 650 742 253 300 783 848 252 250 269 407  47 335
   8  58 445 340  27 624 734 500 564 810 367 178  30 105 566 840 267 719
 735  43 812 507 492 204   5 261 434 324 291 184 394 165 298 424 288 297
  85 133  78 102 404 214 264 562 685 582 473 572 811 616 569 676 701 819
 750 699 766 764 482 443 715  88 352  46 635  39 462 142 815 831 837 329
 377 323 410 345 405 739 724 334 413 657 836 286 528 432 751  26 480 505
 732 741 467 440 207 284 655 539 749 365 809 200 103 322 603  34 310 601
 128 710 281 805 786 696 686  67 585 692 116 711 484 266 299  87 463  15
   0 799 723 409 563 598 101 646 243 368 687 375 156 596 664 798 703 270
 117 233 333 400 137 149 231  97 364 561 371 730 532 386 338 398 255 181
  51 608  28 168 640 279  91  24 680 551 239 550 278  37  92 346 127 548
 460 109  48 583 306 234 385 435 656 311 516 647 602 580 499 229 353 222
 317 159 289 228 223  23 235 143 510   7 139 199 155 203 718 794 844 729
 829 520 406 697 645 559 780 769 733 587 412 826 612 782 707 366 305 808
 302 817 678 296 332 308 458  76 312 318 737 502 216 448 418 230 186 690
 295 762 456 414 162 470 736 648 161 537 260 619  74 519 224  25 523 774
 209 673 475 636 508 134 784 487 355 823 706 634 180 683  65 841 472 390
 422 785 666 641 167 212 438 795 620 658 217 453  86 151 793  71   3 447
 349 513 767  31 370 604 660 515  83 350 618 265 454 521 187 263 494 201
 221  42 166 527  17 396 129 421  63 577 465 773  95 814 341 503 628 717
  93 175 107 509 120  70 622 478 839 691 668 822  18 439 672 196 452 738
 667   9 150 290  57 644 828 579  79 420 726  41 104  13  73 362 560 609
 684 775 637  11 379 215 497 670 661 246 254 419 373 285 570  69 557 446
  16 495 556 389 757 747 681 206 170 504 402 356 361 514 307 546 169 358
 591 188 450 834 586 638 198 693 847 327 517 197 743  62 451  61 600 722
 568 304 315 387 633 606 369  32 136 429 756 427 770 374 554 665 388 555
 838 491 110 172 674 131 275 825 653 649 227 262 802 704 705   1  89 753
 313 268 479 244 511 477 272 486 347 316 195 455 682 512  80 677 158 336
 179  10 553 382 845 277 694  53 631 241 426 238 124 827 615 138 351 408
  90 485  35 359 558 501 130 325 800 173 590 573 251 716 113 441 518 202
 846 121 189 806 787 123  12 476 599  94 276 592 280 759 671 777 309 610
  14 754 530 384 689 176 721 160  29 403 804 213 283 627   6  98 449 417
 205 725 112   2 258 731 360 843 536 320 675 745  77  50 247 100 194 392
 490  66 182 106 122 326 483 669 611  52 714 565 232 540 144 459 125 303
 698 314  60 437 153 357 758 789 531 293 171 219 395 768 461  56  96 226
 605 663 791 639 652 679  19 249  72  84 545 363 343 824 380 578 709 778
 524 593   4 111 746 257 534 273 337 115 643 792 832 842 220 765 433 466
  36 348 625 287 584  40 245 468 339 274 662 752 761 779 378  45 614 146
 748 436 542 543  75  59 713  44 411 626 708 781 833 319 617 788 695 282
 538  54 807 354  20 118 248 776 393 498  64  33 493 442 571 763 236 185
 211 147 157 444 174 488 796 259 294 621  49 191 744 481 535 430 183 372
 415 190 376]
--------------------------------
PCA & SVM: Start learning: 0.00s
PCA & SVM: Total time: 0.00s
--------------------------------
PCA & SVM: PCA finished: 4.93m
PCA & SVM: Total time: 4.93m
--------------------------------
PCA & SVM: Finished transforming data sets: 4.28s
PCA & SVM: Total time: 5.00m
--------------------------------
PCA & SVM: Finished grid search: 15.26s
PCA & SVM: Total time: 5.25m
Best estimator found by grid search:
SVC(C=10, cache_size=200, class_weight='balanced', coef0=0.0,
  decision_function_shape=None, degree=3, gamma=0.0075, kernel='sigmoid',
  max_iter=-1, probability=False, random_state=66478, shrinking=True,
  tol=0.001, verbose=False)
             precision    recall  f1-score   support

       Blue       0.50      0.71      0.59        34
        Box       0.41      0.47      0.44        34
        Can       0.35      0.50      0.41        34
   Chemical       0.35      0.35      0.35        34
   Colorful       0.84      0.47      0.60        34
      Green       1.00      0.56      0.72        34
      White       0.43      0.38      0.41        34

avg / total       0.56      0.49      0.50       238

[[24  0  2  5  0  0  3]
 [ 2 16 10  4  1  0  1]
 [ 2 11 17  0  0  0  4]
 [ 0 10 10 12  2  0  0]
 [ 3  0  6  0 16  0  9]
 [ 6  1  1  7  0 19  0]
 [11  1  3  6  0  0 13]]
Validation error: 44.5%
+----------+------+-----+-----+------+------+------+------+-------+
|          | Blue | Box | Can | Chem | Colo | Gree | Whit | Pred  |
+==========+======+=====+=====+======+======+======+======+=======+
| Blue     | 24   | 0   | 2   | 5    | 0    | 0    | 3    | 70.6% |
+----------+------+-----+-----+------+------+------+------+-------+
| Box      | 2    | 16  | 10  | 4    | 1    | 0    | 1    | 47.1% |
+----------+------+-----+-----+------+------+------+------+-------+
| Can      | 2    | 11  | 17  | 0    | 0    | 0    | 4    | 50.0% |
+----------+------+-----+-----+------+------+------+------+-------+
| Chemical | 0    | 10  | 10  | 12   | 2    | 0    | 0    | 35.3% |
+----------+------+-----+-----+------+------+------+------+-------+
| Colorful | 3    | 0   | 6   | 0    | 16   | 0    | 9    | 47.1% |
+----------+------+-----+-----+------+------+------+------+-------+
| Green    | 6    | 1   | 1   | 7    | 0    | 19   | 0    | 55.9% |
+----------+------+-----+-----+------+------+------+------+-------+
| White    | 11   | 1   | 3   | 6    | 0    | 0    | 13   | 38.2% |
+----------+------+-----+-----+------+------+------+------+-------+
--------------------------------
PCA & SVM: Finished validation prediction: 0.15s
PCA & SVM: Total time: 5.26m

COMPUTE 5. CROSSVALIDATION:

(10440, 10440)
[30 28 16 18 11 34 32]
[ 74 647 713 532 149 847 399 163 119 271 573 309 823 576 111 807 246 838
 809 400 225 441 544 691 384 818 485 704 164 341 115 436 589  12 147 678
 435 672 821 284  30 145 226 327 566 421 723 373  15 334 429 129   2 726
 154 189  49 637 722 453 433 243 815 212 307 793 218 371 465 752 536 268
 264  13 463 458 569 138 773 348 499 166 832 496 177 801  80 272 841 265
 671 402 346  31 267 187 378 833  48 317 582 277  45 788 419 743 479 132
 755 407  21 797 571 330 477 768 182 540 488 259 834 194 763 610 674 792
 152 616 253 276 725 631  42 689 634 533 692 625 448   0 567 133   8 588
 609 379 106 584 639 331  52 360 681  98 467 329 122 362 517 361 562 358
 669 677 326  78  27 542 512 155 249 724 167 165 819 255 198 374 700 438
 282 423 802 173 159 720 424 278 190 770 266 706 389 409 810  18 200 738
 179 210 757 216 687 354  54 780 188 370 262 283 375  63 291 825 146 410
 391  83 803 623 285 270 110   4 286 426 560  72 127 452 204 798 134 685
 811 680 408 193 385 492 546 172 184 142 192 835 655 777 366  32  69 656
 430 131 836 595 653 733 844 781 340 514 717   9 828 547 555 791 592 108
 311 604 824 449 626 827 601 227 568 732  25 320 602 350  61 598 376 605
 786 564 299 462 628   1 670 556 304 593 352 345 696 618  84 305  75 712
 135 289 597 137 761 511  59 651  53 363 649 290 530 646 520 303  11 606
  43 591  35  93  73 457 351 494 503 507 495 482 487 471 416 427 422 239
 395 202 275 428 718 261 206 260 161 186 231 842 439 839 758 248 387 431
 703 201 121  44 635 771 116 808 575 721 682 234 748 368 702 796 404 332
 843 240 711 784 749 580  62 820 390 776 335 388 174 141 795 737 405 643
 822 401 736 710 444 136 288 640 310 563  22 695  65 168  56 747 298 107
 257 160 611 583 612 316 393 353 224 707 245  51 447 415 627 667 619 181
 128 581 359   6 624 412 657 790 662  23 543 762 114 100 585 446 644 727
 690 406  87 229  60 804 766 769 197 765  57 157 577 829 538 654 794 561
 515 357 741 756 513 321 693 668 464 483 156 306 215 236 845  82 498 708
  41 178 679 551 537 237 342  92 735 382 648  14 217 490 207 148 318  86
 222 528 300 753 548 767 774 258 615 199 740 578 454 641 123  64 478 203
  28 759 420 274 817 745  99 140 176 505 746 665 658 621 608 574 101 714
 118 509 252 254 209 413 701 697  77  37 500 734 506 232 497 230 130 474
 630 489 392 800 235 553 337 526 848 242 468  36 510 205 297 534   5 214
 840 451 587 830 466 281 586 590  55 751 432 356 603 364 143 403  79 319
 112 519 683 705 535 355 614 124 594 151 501 394 694 783 831 322 565 666
 481 480 191  39 247 269 636 805 709 144 779 470 223  96 620 460 785 632
 185 539 170 663 504 117 760 775 676 195 559 313 826 279 336 570 459 688
 287 295 744  34 527 443 109 296 650 469 450 308 642 251 126 473 381 175
  90 440 493 338  33 516 660 558 698 434  19 325 475 545 397 125 750 719
 139  10 699 414 383  97 813 476 372  29  47 293 837 579 367  81  40 398
 787 302 596 607 315 105  17 549 104  88 764 645 652  89 417 347 314 600
 613 715 211 171  58 731 799 529 550 301 531 386 344 730 814 486   7 552
 333 238 456 633 806  38 789  94 153 508 782 273 365 739 324 380 180 312
 250  95 491 183 377 754 521 120 158 455  85 675 256   3 263 369 472 524
 339  67  24 221 323 673 659 280  68  46 213 686 554 425 523 208 103 244
 728 742 220 846 233 418 664 343 778  91 522 812 162 150 484 102 599 294
 684 349 572  70  50 502  71  26 396 219 525 196 772 816 113  20  66 445
  76 638 442 622 629 541 411 557 328 518  16 437 169 241 729 661 461 617
 228 292 716]
--------------------------------
PCA & SVM: Start learning: 0.00s
PCA & SVM: Total time: 0.00s
--------------------------------
PCA & SVM: PCA finished: 5.11m
PCA & SVM: Total time: 5.11m
--------------------------------
PCA & SVM: Finished transforming data sets: 4.15s
PCA & SVM: Total time: 5.18m
--------------------------------
PCA & SVM: Finished grid search: 15.06s
PCA & SVM: Total time: 5.43m
Best estimator found by grid search:
SVC(C=10, cache_size=200, class_weight='balanced', coef0=0.0,
  decision_function_shape=None, degree=3, gamma=0.0075, kernel='sigmoid',
  max_iter=-1, probability=False, random_state=66478, shrinking=True,
  tol=0.001, verbose=False)
             precision    recall  f1-score   support

       Blue       0.52      0.68      0.59        34
        Box       0.56      0.59      0.57        34
        Can       0.44      0.59      0.51        34
   Chemical       0.26      0.26      0.26        34
   Colorful       0.75      0.62      0.68        34
      Green       1.00      0.85      0.92        34
      White       0.68      0.44      0.54        34

avg / total       0.60      0.58      0.58       238

[[23  0  1  3  2  0  5]
 [ 0 20  8  5  1  0  0]
 [ 4  5 20  3  2  0  0]
 [ 6  9  8  9  0  0  2]
 [ 3  0  3  7 21  0  0]
 [ 2  0  0  3  0 29  0]
 [ 6  2  5  4  2  0 15]]
Validation error: 39.7%
+----------+------+-----+-----+------+------+------+------+-------+
|          | Blue | Box | Can | Chem | Colo | Gree | Whit | Pred  |
+==========+======+=====+=====+======+======+======+======+=======+
| Blue     | 23   | 0   | 1   | 3    | 2    | 0    | 5    | 67.6% |
+----------+------+-----+-----+------+------+------+------+-------+
| Box      | 0    | 20  | 8   | 5    | 1    | 0    | 0    | 58.8% |
+----------+------+-----+-----+------+------+------+------+-------+
| Can      | 4    | 5   | 20  | 3    | 2    | 0    | 0    | 58.8% |
+----------+------+-----+-----+------+------+------+------+-------+
| Chemical | 6    | 9   | 8   | 9    | 0    | 0    | 2    | 26.5% |
+----------+------+-----+-----+------+------+------+------+-------+
| Colorful | 3    | 0   | 3   | 7    | 21   | 0    | 0    | 61.8% |
+----------+------+-----+-----+------+------+------+------+-------+
| Green    | 2    | 0   | 0   | 3    | 0    | 29   | 0    | 85.3% |
+----------+------+-----+-----+------+------+------+------+-------+
| White    | 6    | 2   | 5   | 4    | 2    | 0    | 15   | 44.1% |
+----------+------+-----+-----+------+------+------+------+-------+
--------------------------------
PCA & SVM: Finished validation prediction: 0.14s
PCA & SVM: Total time: 5.44m


 Full Cross Validation results:

Validation error: 43.1%
+----------+------+-----+-----+------+------+------+------+-------+
|          | Blue | Box | Can | Chem | Colo | Gree | Whit | Pred  |
+==========+======+=====+=====+======+======+======+======+=======+
| Blue     | 109  | 4   | 10  | 20   | 7    | 0    | 20   | 64.1% |
+----------+------+-----+-----+------+------+------+------+-------+
| Box      | 8    | 78  | 43  | 33   | 7    | 0    | 1    | 45.9% |
+----------+------+-----+-----+------+------+------+------+-------+
| Can      | 10   | 30  | 104 | 10   | 10   | 0    | 6    | 61.2% |
+----------+------+-----+-----+------+------+------+------+-------+
| Chemical | 14   | 46  | 25  | 66   | 4    | 0    | 15   | 38.8% |
+----------+------+-----+-----+------+------+------+------+-------+
| Colorful | 12   | 0   | 37  | 10   | 93   | 0    | 18   | 54.7% |
+----------+------+-----+-----+------+------+------+------+-------+
| Green    | 15   | 2   | 10  | 14   | 1    | 125  | 3    | 73.5% |
+----------+------+-----+-----+------+------+------+------+-------+
| White    | 34   | 9   | 25  | 31   | 11   | 0    | 60   | 35.3% |
+----------+------+-----+-----+------+------+------+------+-------+
--------------------------------
Full Cross-Validation: Finished: 29.06m
Full Cross-Validation: Total time: 29.06m
