CONFIGURATION LOCAL:
NUM_OF_COMPONENTS = 50
PARAM_GRID = {'C': [1, 3, 5, 8, 10],
              'gamma': [0.0001, 0.0005, 0.001, 0.005, 0.01, 0.1],
              'kernel': ['linear', 'rbf', 'poly', 'sigmoid']}
PARAM_GRID = {'C': [10],
              'gamma': [0.0075],
              'kernel': ['rbf']}
USE_TEST_DATA = False
--------------------------------
CONFIGURATION GLOBAL:
EXTENDED_DATASET = True
BLACK_BORDER = True
HARD_DIFFICULTY = False
SIMPLIFIED_CATEGORIES = False
CROPPED_VERSION = True
WRITE_TO_FILE = True
FULL_CROSS_VALIDATION = True
CROSS_VALIDATION_ITERATIONS = 5
SEED = 66478
TEST_PERCENTAGE = 20
VALIDATION_PERCENTAGE = 20
--------------------------------
--------------------------------
Full Cross-Validation: Started: 0.00s
Full Cross-Validation: Total time: 0.00s

COMPUTE 1. CROSSVALIDATION:

(10440, 10440)
[30 28 16 18 11 34 32]
[606 468 641 699 682 585 389 301  48 185 140 124 723 155 702 271 716 515
 401 681 257 550  87 840 557 611 527 310 521  60 108 368 134 732 136 538
 173 441 669 498 795 258 510 344 253 181 808 109  75 464 176  91 387 750
 581 270 714  42 575 127 789 514  19   9 720 503 227  93 695 292 312 819
 661 204 631 651 184 223 718 272 491 458 847 241  28 576 125 280 105 597
  38 225 487 769 393 680 254 639 513 392 707 812 730 813 329 555 483 205
 246 579 243 712 835 619 290   5 540 407 601 551 580 826 630 774 121  71
 106  89 818 648 307 174 421 442   4 356 123 715 273 210 612 373 636 325
 509 200  10 234 746 193 435  69  51 444 700 785 767 391 770 434 372 335
 366 423 300 331 350 302 337 660 656 622 586 175 587 543 119  37 282 569
 189 192 749  27 158 584 650 536 478 684 644 566 735  94 461  43  44 165
 552 530 755 479  72 480 704 431 634 135 559 778 495 240 708 169 574  26
 787 588 796 237 616 439 797 560 199 156 505 460 233 683 485 364  98 219
  53  65 149 845 553 197 647 838 637 635 741 100 405 380 252 499  66 148
 285 766 814 525 816 545  62 645 412 528  20  46 320 711 357 659 120 293
 159 846 107 500   3 151 153 788 326 353 322 137 198 420 805 179 830 287
  39 740 345 672 236 351  17 278 377 594 116 756  70 748 323 717 317 424
  57 126 196 686 668 804 396 398  74 781 764 825 232 810  35 842 482 709
 262 397 448 311 360 383 450 361 381 371 332 384 330 354 593 678 578 671
 673 640  21  86 101 128 753 689  16 477 831   7 727 476   2 679 177 214
 761 688 793   8  12 473 170 190 511 613 791  76 666 490 248 469 238 607
 665 590 731 786 269 697 463 664 103 111 713 739 773 751 516 374 815  11
 385 833 733 518 501 801 742 114 744 780 757 315  73 154 281  34 602 694
 762 456 599 546 624 676 207 577 642  63  29 455  67 809 242 230 724 213
 633 152 376 524 489 502 608 294  30 339 319 386 776 211  96 549  61 610
 265  23 419  36 667 336  92 758 828 129 251 172 235 803 259 324  45 652
  33 706 274 449 520 147 484 313 677 554  15 663 370 403 382 759 342 410
 104 394 811 201 428 202 348 841 467 355 832 736 701 829 298  31 375 162
 734 256 600  49 437 306 191 216 145 408 157 548 327 404 171  59 263 187
 365 561 474 558 792 304 506 472 369 445 215 526 632 604 203  83  79 195
  41 837 620  64  80 687  52 229 303 817 429 719 422 623 308 565 685 226
 627 638 443   0 399 488 296 390 562 267 760 475 316 289 836 143 453 823
 349 605  58   1 142 347 334 806 827 508  84 283 284 451 314 692 247 512
 218 454  25 497 413 446 416 333 507 426 457 362 658 662 523 297  97 657
 690 206 168 802 589 309  22 250 122 279 494 328 800 583 305 752 466 110
 433 264 220 799 772 164 138 556 765 318 231 595 822 603  88  85 572  78
 522  50 146 544 249 743 427 194 113  47 848 340 617 268 519 208 222 529
 844 726 493  18 486 539 209 338 537 721 276 582 244 568 609 115  55 367
 343 674 144 414 406 295 790 629 411 533 535  32 531 643 722 415 378  81
 725 771 839 564 696 737 698  13 710  99 592 239  90  40 729 794 754 459
 261 163 245 745 646 777 628 363 824 321 221 820 180 188 834 653 150 691
 768 782 563 517 541   6 504 161 379 738 534  14 843 649 573 102 402  24
 430 763 178 591  68 452 547 400 779 532 436 655 166 228 625 409 395 286
 432 425 784 728 693 346 139 492 615 132 570 418 798  95 358 626 703 567
 288 160 438 277 462 255 496 133 417 481 275 747 440 130 117 212 470 618
 291 141 542 471 614 341 352 359  54 388 596 783 186 571 183 299 266 598
 675  82 821 260 167  77 447 621 654 217 775 807  56 118 182 112 131 224
 465 670 705]
--------------------------------
PCA & SVM: Start learning: 0.00s
PCA & SVM: Total time: 0.00s
--------------------------------
PCA & SVM: PCA finished: 2.66m
PCA & SVM: Total time: 2.66m
--------------------------------
PCA & SVM: Finished transforming data sets: 2.06s
PCA & SVM: Total time: 2.69m
--------------------------------
PCA & SVM: Finished grid search: 9.13s
PCA & SVM: Total time: 2.84m
Best estimator found by grid search:
SVC(C=10, cache_size=200, class_weight='balanced', coef0=0.0,
  decision_function_shape=None, degree=3, gamma=0.0075, kernel='rbf',
  max_iter=-1, probability=False, random_state=66478, shrinking=True,
  tol=0.001, verbose=False)
             precision    recall  f1-score   support

       Blue       0.76      0.74      0.75        34
        Box       0.42      0.65      0.51        34
        Can       0.54      0.38      0.45        34
   Chemical       0.40      0.12      0.18        34
   Colorful       0.88      0.82      0.85        34
      Green       0.94      0.94      0.94        34
      White       0.48      0.74      0.58        34

avg / total       0.63      0.63      0.61       238

[[25  0  0  1  0  2  6]
 [ 3 22  3  3  0  0  3]
 [ 0 12 13  0  2  0  7]
 [ 0 18  2  4  2  0  8]
 [ 0  0  3  0 28  0  3]
 [ 1  0  0  1  0 32  0]
 [ 4  1  3  1  0  0 25]]
Validation error: 37.0%
+----------+------+-----+-----+------+------+------+------+-------+
|          | Blue | Box | Can | Chem | Colo | Gree | Whit | Pred  |
+==========+======+=====+=====+======+======+======+======+=======+
| Blue     | 25   | 0   | 0   | 1    | 0    | 2    | 6    | 73.5% |
+----------+------+-----+-----+------+------+------+------+-------+
| Box      | 3    | 22  | 3   | 3    | 0    | 0    | 3    | 64.7% |
+----------+------+-----+-----+------+------+------+------+-------+
| Can      | 0    | 12  | 13  | 0    | 2    | 0    | 7    | 38.2% |
+----------+------+-----+-----+------+------+------+------+-------+
| Chemical | 0    | 18  | 2   | 4    | 2    | 0    | 8    | 11.8% |
+----------+------+-----+-----+------+------+------+------+-------+
| Colorful | 0    | 0   | 3   | 0    | 28   | 0    | 3    | 82.4% |
+----------+------+-----+-----+------+------+------+------+-------+
| Green    | 1    | 0   | 0   | 1    | 0    | 32   | 0    | 94.1% |
+----------+------+-----+-----+------+------+------+------+-------+
| White    | 4    | 1   | 3   | 1    | 0    | 0    | 25   | 73.5% |
+----------+------+-----+-----+------+------+------+------+-------+
--------------------------------
PCA & SVM: Finished validation prediction: 0.07s
PCA & SVM: Total time: 2.85m

COMPUTE 2. CROSSVALIDATION:

(10440, 10440)
[30 28 16 18 11 34 32]
[449 667 100 430 202 669 340  26 799 245 101 767 314 230 458 652 503 160
   3 210 216 196 357 231 614 824 822 693 682 198 126 215 150 759 839 717
  62 659 715 603  80 507 128 386 625 165 327 714 480 454   7 120 636 788
 273 760 506 732 341 109 142 444 432  88 365 808 847 812 329 465 786  97
 284 272 333 575 328 271  70 135   8  40 257 174 728 704 752 379 602 221
 474 442 545 763 428  63 441 355  75  85 435 712 212 554 360 463 607 289
 154 664 127 134 477  46 137 623  30 663 592 315 544 538 609 536 776 439
 783 318 837 399 541 527 578 260 305 299 152 405  37   0 194 548 577 161
 159 726  50 834 595 530 702  72 397 258 162 343 431 498 497 718 413 620
 585 613 621 599 843 738 749  13 268  83  25 249  36 136 208 167  48 420
 140 187 342 683   6 303 656  15 518 666 317 475 108 295 655  42 522 363
 459 751 478 587 220 125 657 773 419 549  29 628 555 429 304 804 155 820
 213 338  18 252 560 287 532 689  11  56 815 780 665 326 844 747 737  93
 451 421 796 673 735 301 543 197 661 574 814  64  84 684 616 640 115  20
 670   5 177 306 182 798 292 671 686 131 612 358 404 711 309 406 176 762
 116 446 708 521 122 618  59 833 290 828 437 238 396 775 505 146 195 112
 529 403 440 313 566 823 211 675 680 402 173 391 129  90 727 662 359 265
 705 571 513 827 840 418 274 394 424 770 588 417 793 267 164 831 789 785
 660 765 243 486 178 246 286 492 487 226 482 199 472 494 323  96 352  41
  76 346 106 539 335 362 709 107  61 771 455  58  69  14 695 777 685 564
  43 742 381 356 368 384 119 438 573 631 294 393 523 617 515 605 698  91
 242 790 280 452 517 184 234 149 552 581 190   1 361 223  77 491 351 422
 535 485 203 448 395 716 509 113 104 467 694 376 179 591 322 481 668  33
 651 600 739 349 110   4 103 312 499 697 291 183 807 206 310 835 425 241
  34 772 633 476 308 433  17 558 316 233 224 191 456 731 371 748  24 691
 201 594 325 653 235 724 410  82 676 141 758 469 414 388 253 172 710 464
 247 217 302 372 354 345 813 407 551 580 753 461 761  31 389 556 409 721
 637 582 228 559 460 720 819 569 619 169 846 256 520 635 244 364 297  95
 501 470 336 797 583 163  79 700 681 606 102 754 337 254 281 630 225  66
 423 525 147 730 829 426 227 468 561 713 526 237 801 166 534 642  47 278
 626 611 678 579  22 734 643 236 205 105 462 741 593 584 156 239 674 401
 836 766 490 641 781 209 130 688 139 353 542 339 276 512 722  39 601 794
 293 288 331 638 255 774 725  71 229 188 416 838 604 324 171  55 300 511
 344 263 118 330 519  60 266  32 845 157 610 803 443 193 121 377 264 123
 811 707 321 508 645 547 232 842 649 415 175  89 138  10   9 817 672 639
 436 132 269 627 622  92 427 151 795 447 540 385 320 378 192 516 374 629
 658 596 502 400 153 787 510 145 148 572 144 500  35 296  73  87 375 687
 782  53 240 370 805 746 570 644 634 466  38 553  52 743 778  16  45 825
 285  78  44 826 696 699 648 719 369 733 332 348 133 450 248  57 411 117
 586 218 350 380 744 200 701 597 528 546  23 576 496 493 740 250 750 729
 768  49 382 434 279 568 367 483 347 690 624 311 598 262 550 818 214 170
  28 806 830 275 189  12 222 590 479 736 181 390 848 533  65 654 408 457
 650  21 832 259 204 251 387 563 679 692 567 723  99 791 677  67 445 168
 398  19 784 809  51 158 531 764 557 589 802 756 757  81 334  74 270 745
 769 565 473 647 277 412 792  86 111 283 366 703 608  54 779 114 373 207
 706 646 821 816 186 800 810 471 453 489 185 524  68 392   2 180 124 841
  27 632 307 143 537 504 615 298 755  94 282 514 488 319 383  98 495 484
 219 562 261]
--------------------------------
PCA & SVM: Start learning: 0.00s
PCA & SVM: Total time: 0.00s
--------------------------------
PCA & SVM: PCA finished: 2.73m
PCA & SVM: Total time: 2.73m
--------------------------------
PCA & SVM: Finished transforming data sets: 2.46s
PCA & SVM: Total time: 2.77m
--------------------------------
PCA & SVM: Finished grid search: 10.45s
PCA & SVM: Total time: 2.94m
Best estimator found by grid search:
SVC(C=10, cache_size=200, class_weight='balanced', coef0=0.0,
  decision_function_shape=None, degree=3, gamma=0.0075, kernel='rbf',
  max_iter=-1, probability=False, random_state=66478, shrinking=True,
  tol=0.001, verbose=False)
             precision    recall  f1-score   support

       Blue       0.57      0.71      0.63        34
        Box       0.64      0.74      0.68        34
        Can       0.62      0.47      0.53        34
   Chemical       0.86      0.35      0.50        34
   Colorful       0.85      0.65      0.73        34
      Green       0.62      0.88      0.73        34
      White       0.49      0.62      0.55        34

avg / total       0.66      0.63      0.62       238

[[24  2  1  0  0  2  5]
 [ 0 25  4  2  2  0  1]
 [ 2  4 16  0  2  4  6]
 [ 4  6  0 12  0  8  4]
 [ 0  0  3  0 22  3  6]
 [ 3  1  0  0  0 30  0]
 [ 9  1  2  0  0  1 21]]
Validation error: 33.6%
+----------+------+-----+-----+------+------+------+------+-------+
|          | Blue | Box | Can | Chem | Colo | Gree | Whit | Pred  |
+==========+======+=====+=====+======+======+======+======+=======+
| Blue     | 24   | 2   | 1   | 0    | 0    | 2    | 5    | 70.6% |
+----------+------+-----+-----+------+------+------+------+-------+
| Box      | 0    | 25  | 4   | 2    | 2    | 0    | 1    | 73.5% |
+----------+------+-----+-----+------+------+------+------+-------+
| Can      | 2    | 4   | 16  | 0    | 2    | 4    | 6    | 47.1% |
+----------+------+-----+-----+------+------+------+------+-------+
| Chemical | 4    | 6   | 0   | 12   | 0    | 8    | 4    | 35.3% |
+----------+------+-----+-----+------+------+------+------+-------+
| Colorful | 0    | 0   | 3   | 0    | 22   | 3    | 6    | 64.7% |
+----------+------+-----+-----+------+------+------+------+-------+
| Green    | 3    | 1   | 0   | 0    | 0    | 30   | 0    | 88.2% |
+----------+------+-----+-----+------+------+------+------+-------+
| White    | 9    | 1   | 2   | 0    | 0    | 1    | 21   | 61.8% |
+----------+------+-----+-----+------+------+------+------+-------+
--------------------------------
PCA & SVM: Finished validation prediction: 0.10s
PCA & SVM: Total time: 2.94m

COMPUTE 3. CROSSVALIDATION:

(10440, 10440)
[30 28 16 18 11 34 32]
[187 156 601 457 325 255 817 126 129  78 441 735 183 161 452 610 776 467
 765 653 703 493 747 337 669 841 728 166 295 425 113 332 551 448 518  96
 734 717 192 406  81 367 758  97 629 154 298 393  61 484 426   0 314 472
 563 299 631 494 488 277 108   6 269 548 589 176 361 501 247 516 123 760
 401 384 220  40 370 594 819 801 290   4 450 742 463 835 116 267  48 708
 491 611 799 372 400 219 531 262 645 390 519 248 114  27 634 810 807  44
 762 138 186 162 529 196  91 122 329 517 846  53 292 198 340  94 109  75
 544 301 171 170  85 769 620 280  84  54  63 328 434 177 792 632 234 779
 203 321 468 805 403 311 533 567 438 635 216 628 802 540 714 546 790 791
 534 719 814 679 682 640 576  17  47  80 110 458 104 130  99 131 143 137
  32 308 455 437 283 419 469 288 207 230  38 231 214 276 495 418 240 232
 155 222 378 261 285 353 389 226 185 373 106 720   3 480 549 148 172 588
  51 701 167 153 605 239 737 506  52 152 675 245 464 461 221 241 668 253
 523 606 557 391  18 744 676 673 415 360 764 759 761  31 191  69 729 117
 432 777 446 208 771  77 788 500 291 774 504 615 136 647 218 587  15 348
 637 473 377 374 430 396 556 580 498 721 132   2 205 686 773  42  28  64
 724 657 750 572 537 105 684 643 168 609 722 417 550 754 848 598 811 832
 385 692 781 710 578 624 568 394 362 696 310 825 789 617 798 528 834 345
 829 331 715 323 655 352 593 309 571 526 315 527 305 289 266   7 251 265
 483  76 466 272 275 511 174 250 179  83  20 252 197   8 121 158 445 178
 479  93  22 233 259 449  19 225 115  79 407 159 731 146 204 256 376  98
 507 242 809 144 699  71 665 547  66  73 492 623 199 775 822 160  92  25
 595 642 302 585 579 499 127 757 566 670 447 444 435 102 433 120  46 718
 474 112  12 386 336 118 381 627 586 428 151 101 175 700 713 843 520 369
 532 145 705 780 476 459 766 209 538 339 574 249 246 224 772 227  26 327
 521 411 100 592  11 482 206 490 663 691 347 453  70 630 215 641 677 477
 217 304 661 732 839 562 297 711  58 481  14 560 465 748  88  67 569 184
 287 349 338 698 128 656 770 355 827 539 238 707 596 147 823 359 341 741
 561 182 420 652  50 755 273 414 778  62 651 541 279  29 397 559 497 140
 405 356  13 388 662 845  95 542 826 312 618 565  21 685 368 740 513 525
 725 543  24 622 831 202 322 365 671 813  90 350 193 380 271 599 583 674
 351 364 816  89 404 727 213 357 796 395 510 613  36 375 306 164 619 552
 237 706 471 294 264 639 515 743 695 733  55 346  16 694 577 284 478 666
 602 812 502  87 709 508 612 387 821 660 763 608 600 582 570 371 536 485
 462 795 330 443 293 749 363 281 427 638 739 189 316 119 649 429 723 223
 335 139 746 818 165 103 392  30 590 278 334 840 344  57 282 319 416 824
 421 554 107 784 211 142 317   9 228 797 738 838 787 343 726 828 693 553
 690 496 664  33 736 800 324 751 399 704 134 342 786 190 687 157 486 307
 135 408 274 296 333 767 820 150 431 530 697 382 422 804 658 229 616 303
 413 141 830 650 470 793 181 558 188 678  68 454 125 412 263 180  49 460
 257 614 625 782  59 636 169 815 244 555  35 379 621 584 524 133  37 318
 512 410 402 366 712 268 111 509 300 633 124 626 591 254 210 844 489 243
  56  34  82 440 423 424 648 436 326 573 785 522  65 545 604 286 833 439
 783 603 681 201 195 487 212 756 808 688 260 383  23 581 597 535 235  74
 442 753 644 683 505 451 672 842 794 806 837 270 730 258  60 398  45 607
 313 236 173 564   5 354 646 702 654 680 768 514 358 745 752  86 575 659
  39 456 163 836 320  43  10 716  72 149 689 667 503 847 803 194 475 200
 409   1  41]
--------------------------------
PCA & SVM: Start learning: 0.00s
PCA & SVM: Total time: 0.00s
--------------------------------
PCA & SVM: PCA finished: 2.66m
PCA & SVM: Total time: 2.66m
--------------------------------
PCA & SVM: Finished transforming data sets: 1.93s
PCA & SVM: Total time: 2.69m
--------------------------------
PCA & SVM: Finished grid search: 7.57s
PCA & SVM: Total time: 2.82m
Best estimator found by grid search:
SVC(C=10, cache_size=200, class_weight='balanced', coef0=0.0,
  decision_function_shape=None, degree=3, gamma=0.0075, kernel='rbf',
  max_iter=-1, probability=False, random_state=66478, shrinking=True,
  tol=0.001, verbose=False)
             precision    recall  f1-score   support

       Blue       0.67      0.76      0.71        34
        Box       0.60      0.71      0.65        34
        Can       0.65      0.32      0.43        34
   Chemical       0.56      0.44      0.49        34
   Colorful       0.76      0.91      0.83        34
      Green       0.94      0.97      0.96        34
      White       0.64      0.74      0.68        34

avg / total       0.69      0.69      0.68       238

[[26  0  0  0  0  1  7]
 [ 1 24  5  3  1  0  0]
 [ 0  6 11  9  6  0  2]
 [ 8  9  0 15  0  0  2]
 [ 0  0  0  0 31  0  3]
 [ 0  0  1  0  0 33  0]
 [ 4  1  0  0  3  1 25]]
Validation error: 31.3%
+----------+------+-----+-----+------+------+------+------+-------+
|          | Blue | Box | Can | Chem | Colo | Gree | Whit | Pred  |
+==========+======+=====+=====+======+======+======+======+=======+
| Blue     | 26   | 0   | 0   | 0    | 0    | 1    | 7    | 76.5% |
+----------+------+-----+-----+------+------+------+------+-------+
| Box      | 1    | 24  | 5   | 3    | 1    | 0    | 0    | 70.6% |
+----------+------+-----+-----+------+------+------+------+-------+
| Can      | 0    | 6   | 11  | 9    | 6    | 0    | 2    | 32.4% |
+----------+------+-----+-----+------+------+------+------+-------+
| Chemical | 8    | 9   | 0   | 15   | 0    | 0    | 2    | 44.1% |
+----------+------+-----+-----+------+------+------+------+-------+
| Colorful | 0    | 0   | 0   | 0    | 31   | 0    | 3    | 91.2% |
+----------+------+-----+-----+------+------+------+------+-------+
| Green    | 0    | 0   | 1   | 0    | 0    | 33   | 0    | 97.1% |
+----------+------+-----+-----+------+------+------+------+-------+
| White    | 4    | 1   | 0   | 0    | 3    | 1    | 25   | 73.5% |
+----------+------+-----+-----+------+------+------+------+-------+
--------------------------------
PCA & SVM: Finished validation prediction: 0.07s
PCA & SVM: Total time: 2.82m

COMPUTE 4. CROSSVALIDATION:

(10440, 10440)
[30 28 16 18 11 34 32]
[275 360 686 541 506  66 343 589 643 645  94 746 271  91 210 805 105  15
 298 839 507 499 543  30 679  36 473 758 317 707 641 188 103   3  37 402
  87 520 371 470 651 121 230 459 725 786 661  81 524 270 516 777 460 610
 286 708 351 450 272 359 227 700  21 408 483 823 339 406 179 225 770 475
 562 302 436 512 325 741 191 653 766 688 416 240 151  32 167 811 445 596
 131 196 575 269 209 533 328 476 795 285 453 824 166 764 170 204 579 114
  45  61 222 613 261  50  38  82 259 175 401 739 571 206 147 585 806 617
  89 768 833 369 431 214 364 731 356 539  63  22 773 782 738 778 129 751
  78 784  16 658 616 361 840 393 145 398 374 631 433 415 572 542 635 591
 666 672 673 363 346 357 318 485 505 238 491 461 218 273 195  41 232 153
 724 737 101 243  20  95  29 404 462 395 813 133 744 162  57 785 705 252
 186 421 200  71  39 691 234  51 100 380  18 399 281 219 721 490   7 754
  19   4   0 553 403 699 595 687 376 248 202 842 779 124 168 181 618  53
 812 675   6 718 308 685 791 678 119 311 644 419 237 492 306  97 136 184
 177 577 752 423 295 154 258 663  92 211 157 621 342 155 215 844 584 112
 189  28 365 843 449 396  76 304 829  62 629 466 518 604 313 502 452 836
 822 372 336  13 558 117  10 537 538 426 319 750 605 620 358 480 332 457
 698 430 386 787 566 623 683 532 288 563 412 810 792 310 554 642 564 312
 648 523 634 565 835 576 719 607 670 702 294 767 834 353 171 193 231 257
 138 107 249 482 116 139  55 468 427  17 411 247 471 144  64 246 265 120
 122 500 104  80 229 125 135  67 127 176  77 567 588 592 141 821 383 128
 549 235 789 424  46 636   2 734 262  75 763 701 726 487 289 277 788 720
 587 582 693  73 340 630  96 497 551 548 172 601 464 102 297 606 217 747
  14  23 742 657 486 472 330 251 569 776 140 837 519 513 841 627 831 345
 496 156 745  27  56 123  33 650 743 192 410 733  90 341 173  52 388 494
 267 727 530  44 413 534 586 362 550 314 517 324 429 531  47 711 183 397
 493 242 501 437   9 817 488  84 375 134 484 354 201  86 619 560 182 794
 350 771 158 799 291 322  65 478 435 276 728 772 647 646 299 628  99 164
 194 544 638  98 753 710 367 405 555 614 244 557 781 417 481 649 187   1
 671 825 760 443 115 169 660 300 668 152 684 593 775 279 149 748 626 447
 529 344 456 692 697 185 609  54   5 659 622 381 111 598 458 327 521 150
 278  35 233 600 509 409 132 765 716 309  69 774 143 639 807 118 224 715
 632 545 444 624 717 536 749  48 349 732 590 432 337 611 729 130 510 527
 489 236 637 355 798 441 755 800 220 514 326 704 695 467 390 389 329 394
 578 654 546 216 608 602 599 561 479 455 425 465 137 615 280 625  31  42
 199 142 451 392 438 712 377 245 321 706 669  11 352 540 333 366 207  74
  83 463  24  25 696 274 448 762 713  59 802  85 442 213 382 263  34  68
 677 845  43 255 293 508 307 664 583 603 428 106  58 190 818 422 568 301
 796 820 681 384  60 723 690 163 454 282 198 385 757 498 287 816 783 400
 574 203 793 769 159 264 256 597 178 373 535 652 440 165 469 547 511 780
 559 305 387 303 239 680 347 714 674 828 292 819 254 525 323 290 338 414
 495 320  79 503 736 266 665 556 420 174 594 110 368 703 580 126 667 581
 689 756 676 221 250 826 228  93 284 694 379 522 378 334 212 260 740 418
 348 797  70 223 633 809  88 113 515 253 832 761 573 847  40 335 528 803
 526 146 814 552 730  12 108 315 283 316 504 331 296  72 846 848 434 838
 148 662 180 612 827   8 722 446  49 268 439 161  26 391 370 477 226 208
 655 241 640 790 682 160 815 830 759 407 804 656 197 709 109 205 801 570
 808 474 735]
--------------------------------
PCA & SVM: Start learning: 0.00s
PCA & SVM: Total time: 0.00s
--------------------------------
PCA & SVM: PCA finished: 2.38m
PCA & SVM: Total time: 2.38m
--------------------------------
PCA & SVM: Finished transforming data sets: 2.44s
PCA & SVM: Total time: 2.42m
--------------------------------
PCA & SVM: Finished grid search: 7.70s
PCA & SVM: Total time: 2.55m
Best estimator found by grid search:
SVC(C=10, cache_size=200, class_weight='balanced', coef0=0.0,
  decision_function_shape=None, degree=3, gamma=0.0075, kernel='rbf',
  max_iter=-1, probability=False, random_state=66478, shrinking=True,
  tol=0.001, verbose=False)
             precision    recall  f1-score   support

       Blue       0.72      0.76      0.74        34
        Box       0.56      0.82      0.67        34
        Can       0.58      0.65      0.61        34
   Chemical       0.43      0.18      0.25        34
   Colorful       0.93      0.79      0.86        34
      Green       0.88      0.88      0.88        34
      White       0.68      0.74      0.70        34

avg / total       0.68      0.69      0.67       238

[[26  0  1  0  0  0  7]
 [ 0 28  2  4  0  0  0]
 [ 0  4 22  2  2  0  4]
 [ 4 16  5  6  0  3  0]
 [ 0  0  7  0 27  0  0]
 [ 1  1  0  1  0 30  1]
 [ 5  1  1  1  0  1 25]]
Validation error: 31.7%
+----------+------+-----+-----+------+------+------+------+-------+
|          | Blue | Box | Can | Chem | Colo | Gree | Whit | Pred  |
+==========+======+=====+=====+======+======+======+======+=======+
| Blue     | 26   | 0   | 1   | 0    | 0    | 0    | 7    | 76.5% |
+----------+------+-----+-----+------+------+------+------+-------+
| Box      | 0    | 28  | 2   | 4    | 0    | 0    | 0    | 82.4% |
+----------+------+-----+-----+------+------+------+------+-------+
| Can      | 0    | 4   | 22  | 2    | 2    | 0    | 4    | 64.7% |
+----------+------+-----+-----+------+------+------+------+-------+
| Chemical | 4    | 16  | 5   | 6    | 0    | 3    | 0    | 17.6% |
+----------+------+-----+-----+------+------+------+------+-------+
| Colorful | 0    | 0   | 7   | 0    | 27   | 0    | 0    | 79.4% |
+----------+------+-----+-----+------+------+------+------+-------+
| Green    | 1    | 1   | 0   | 1    | 0    | 30   | 1    | 88.2% |
+----------+------+-----+-----+------+------+------+------+-------+
| White    | 5    | 1   | 1   | 1    | 0    | 1    | 25   | 73.5% |
+----------+------+-----+-----+------+------+------+------+-------+
--------------------------------
PCA & SVM: Finished validation prediction: 0.07s
PCA & SVM: Total time: 2.55m

COMPUTE 5. CROSSVALIDATION:

(10440, 10440)
[30 28 16 18 11 34 32]
[715 276 209 465 735 773 166 669 741 536 480  65 118 415 554 727 142 148
 584 507 238 352 576 749 202  71  12 332 701 333 740 442 278 787 490 841
 259 684 653 267 285 751 602 477   3  94 409 760 183 239 540 293 590 378
 328 256 720 848 700 461 244 755 167  29  37 184 419  28 644 410 251  74
 126 654 253 675 426 781 160 791 294 795 299 116 779 628 724 703 511 186
 212 374 329 551 555 191 457 463 547 291 806 127 193 134 196 373  78 699
 242 809  11 662 245 344 436 567 498   1 691 559 425 471 556  30 667 800
 317 227 100 286 356 437 284 836 778 530 786 808 820 570   2 117 380  70
  24 398 630 589 516 595  51  17 583 448 651 515 400  85 379 670 642  60
 450 650  76 347 335 327 324 458 482 481 504 182 474 203 210 246 764 767
 473 234 173 706 170 839 825 730 187 433 404 417 819 761 835 214 692 623
 739 272 517 627 107 159 629 220 766 435 645  69 640  95 411 698 386  49
 529 125 462 206 499 506 501 659 527 178 775 609 115  61  14 714 503 550
 561 810 620 105 824 605 269 390 756 709  42 802 393 713 704 568 133 785
 799 266 796 280 521 381 638 385 301 588 330 453 297 573 418  15 292 673
  66 702 247 396 110 745 818 746 375  40 215 731 681 353 298 263 696 205
  92 354 612 124 208 596 341  48 613 265 270 408 181 250 569  98 574 519
 339 255  75 625 177   5 782  45 307  36 452  54 395 138 387 575 315 558
 121 566 599 685 300  67 663  26 306  99  32 288 359 350 512 484 486 505
 509 510 491 192 765 811 188 816 780 774 226 807 708 478 837 175 842 260
 826 200 372 729 793 370 738 402 383 281 833 384 828 776 606 185 831 391
 502 579 224 405 705 607 748 744 337 369 257 680 143 249 165 637 788 603
 732  13 382 641 572  57 302 753  58  35 587 840 122 102 137 586 485 180
 594 198 349 604 615 838 150 459 129  82 689 348 794 279  86 140 149 636
 451 665 218 316 643 771 608 358 109 655 801 366 664 237   7 132 464 368
 248 407 146 648 111 340 158 174 687 342 189 610 632 325  91 492 757 571
 156  77 430 508 229 526 467  96  38 717 783  62 719 631  52 533 661 455
 236  53 541 844 617 388 488 438 310 737  46  87 716 414 152 258 770 216
 119 523 528 733 639 283 660 176 401 678 211  80  73 320 496 271 585 304
 172 710  23   8 600 489 487 454 718 577   4 322 688 439 768 147 542  97
 763 427 460 657 240 397 723 447 597 591 313 287 560 230 479 235 319 221
 413 261 449 814  88 697 752 754 762 144 262 522 593 296 821 722 549 440
 695 622 728 668 747 690 351 420 241 658 475 518  56 472 264 303 243  89
 367 371 535 104 725 136   0  64 845 179 598 314 155 377 553 363 434 252
 635 647  10 135 726 790 797 769  93 139 497 153 290 128 711 231 614 195
 470  72 282 456 618 564  83 545 823 483  21 734 399 357 169 336 222 652
 364  25 736 633 546 494 578 123 682 611 649 784 537 190 157 273 343 106
 619 693 309 538 683 338 323 565 694  79 232 321  19 217 441 228 677 164
 233 114 846 199 421 552 743 130 171  50 308 254 432 829 204 213  39 131
  33 305 277 581  84 154 759 817 832 557 412 834 428 141 532 445 394 469
  47 562  63 275 376 312 108 392 707 295 777 289 389 311 580 145 721 626
  31  41 686 403 525 805 792 742 207 815 539 443 548 431 531  59  16 346
 422 101 362 520 416 194 513  68  20 798 424 361 268 582 621 168 318  34
 514 429 120 163 113 656  22 543 646 672 446 812 847   6  55 103 406 666
   9 326 772 331 534 444 843 466 822 803 674 219 334 601 712 750 679 365
 563 112 495 758 225 223 544 676 197  90 624 804 151 161  18 789 468  81
 355 592 423 813 476 634 274 162 671  44 360 500 201 345  43 493 524 616
 830  27 827]
--------------------------------
PCA & SVM: Start learning: 0.00s
PCA & SVM: Total time: 0.00s
--------------------------------
PCA & SVM: PCA finished: 2.40m
PCA & SVM: Total time: 2.40m
--------------------------------
PCA & SVM: Finished transforming data sets: 1.85s
PCA & SVM: Total time: 2.43m
--------------------------------
PCA & SVM: Finished grid search: 7.67s
PCA & SVM: Total time: 2.55m
Best estimator found by grid search:
SVC(C=10, cache_size=200, class_weight='balanced', coef0=0.0,
  decision_function_shape=None, degree=3, gamma=0.0075, kernel='rbf',
  max_iter=-1, probability=False, random_state=66478, shrinking=True,
  tol=0.001, verbose=False)
             precision    recall  f1-score   support

       Blue       0.70      0.82      0.76        34
        Box       0.59      0.79      0.68        34
        Can       0.44      0.35      0.39        34
   Chemical       0.73      0.32      0.45        34
   Colorful       0.97      0.82      0.89        34
      Green       0.87      0.97      0.92        34
      White       0.58      0.74      0.65        34

avg / total       0.70      0.69      0.68       238

[[28  0  0  0  1  0  5]
 [ 2 27  3  2  0  0  0]
 [ 2  9 12  2  0  2  7]
 [ 4  9  2 11  0  2  6]
 [ 0  0  6  0 28  0  0]
 [ 1  0  0  0  0 33  0]
 [ 3  1  4  0  0  1 25]]
Validation error: 30.3%
+----------+------+-----+-----+------+------+------+------+-------+
|          | Blue | Box | Can | Chem | Colo | Gree | Whit | Pred  |
+==========+======+=====+=====+======+======+======+======+=======+
| Blue     | 28   | 0   | 0   | 0    | 1    | 0    | 5    | 82.4% |
+----------+------+-----+-----+------+------+------+------+-------+
| Box      | 2    | 27  | 3   | 2    | 0    | 0    | 0    | 79.4% |
+----------+------+-----+-----+------+------+------+------+-------+
| Can      | 2    | 9   | 12  | 2    | 0    | 2    | 7    | 35.3% |
+----------+------+-----+-----+------+------+------+------+-------+
| Chemical | 4    | 9   | 2   | 11   | 0    | 2    | 6    | 32.4% |
+----------+------+-----+-----+------+------+------+------+-------+
| Colorful | 0    | 0   | 6   | 0    | 28   | 0    | 0    | 82.4% |
+----------+------+-----+-----+------+------+------+------+-------+
| Green    | 1    | 0   | 0   | 0    | 0    | 33   | 0    | 97.1% |
+----------+------+-----+-----+------+------+------+------+-------+
| White    | 3    | 1   | 4   | 0    | 0    | 1    | 25   | 73.5% |
+----------+------+-----+-----+------+------+------+------+-------+
--------------------------------
PCA & SVM: Finished validation prediction: 0.07s
PCA & SVM: Total time: 2.56m


 Full Cross Validation results:

Validation error: 32.8%
+----------+------+-----+-----+------+------+------+------+-------+
|          | Blue | Box | Can | Chem | Colo | Gree | Whit | Pred  |
+==========+======+=====+=====+======+======+======+======+=======+
| Blue     | 129  | 2   | 2   | 1    | 1    | 5    | 30   | 75.9% |
+----------+------+-----+-----+------+------+------+------+-------+
| Box      | 6    | 126 | 17  | 14   | 3    | 0    | 4    | 74.1% |
+----------+------+-----+-----+------+------+------+------+-------+
| Can      | 4    | 35  | 74  | 13   | 12   | 6    | 26   | 43.5% |
+----------+------+-----+-----+------+------+------+------+-------+
| Chemical | 20   | 58  | 9   | 48   | 2    | 13   | 20   | 28.2% |
+----------+------+-----+-----+------+------+------+------+-------+
| Colorful | 0    | 0   | 19  | 0    | 136  | 3    | 12   | 80.0% |
+----------+------+-----+-----+------+------+------+------+-------+
| Green    | 6    | 2   | 1   | 2    | 0    | 158  | 1    | 92.9% |
+----------+------+-----+-----+------+------+------+------+-------+
| White    | 25   | 5   | 10  | 2    | 3    | 4    | 121  | 71.2% |
+----------+------+-----+-----+------+------+------+------+-------+
--------------------------------
Full Cross-Validation: Finished: 14.48m
Full Cross-Validation: Total time: 14.48m
