893
691
583
710
7
910
423
475
116
798
843
688
853
466
927
627
343
445
241
626
327
194
887
882
1012
255
342
665
995
1007
177
831
936
304
129
305
802
239
51
334
198
769
117
687
396
619
918
841
514
768
428
341
14
441
964
678
498
584
947
139
78
779
856
168
788
891
543
555
479
748
801
872
135
867
363
829
460
446
340
933
648
474
110
91
398
165
636
265
489
980
569
420
676
8
770
65
274
455
299
961
641
580
785
32
33
157
963
1016
886
744
59
419
612
27
193
884
631
480
568
746
286
107
247
674
49
451
607
870
868
657
690
881
242
526
752
643
302
70
858
630
613
205
403
422
309
759
756
666
409
52
900
143
250
416
351
544
383
622
252
694
287
296
399
711
673
763
943
376
956
716
349
269
452
531
500
662
811
781
293
982
303
972
513
718
968
611
244
596
315
372
530
101
67
328
621
577
929
121
977
542
704
737
726
89
2
590
307
440
628
388
203
749
23
53
516
90
907
162
509
986
698
313
747
976
41
815
522
434
730
885
905
266
789
876
125
606
539
128
352
369
158
127
706
380
226
468
719
849
839
587
585
597
10
717
733
207
253
866
499
220
330
68
63
618
311
322
100
407
519
983
925
996
183
22
348
319
397
470
83
297
353
902
9
685
209
825
126
114
136
109
999
267
217
187
105
670
481
504
1011
930
310
430
316
210
301
264
412
517
137
576
520
985
471
892
425
188
156
443
527
324
523
739
151
603
355
725
472
325
467
824
456
723
581
251
196
707
404
965
227
745
664
43
550
1009
442
292
780
794
558
702
534
290
358
508
295
646
715
457
620
660
510
656
375
989
512
123
720
981
185
601
949
689
563
234
639
503
758
928
959
421
616
61
392
1005
439
368
153
271
602
692
518
767
696
204
635
178
47
1013
459
816
762
874
88
150
974
865
54
830
462
835
164
681
435
640
946
991
633
377
365
838
545
962
236
246
223
115
154
93
944
920
1
487
473
850
940
731
783
359
490
966
919
275
738
147
19
432
819
192
732
840
111
138
960
191
951
390
778
649
113
600
46
750
410
572
873
695
288
28
859
566
62
808
197
834
385
477
521
610
415
228
582
31
486
877
549
644
12
379
431
152
604
863
370
25
166
561
810
532
38
551
454
536
845
560
149
463
300
413
852
495
66
908
942
799
491
97
215
790
222
806
485
911
914
842
134
683
122
199
862
709
283
1002
146
306
106
915
736
751
493
538
189
564
975
279
249
362
444
916
218
904
753
219
326
48
159
632
395
174
654
320
281
686
535
284
393
878
345
92
69
937
1010
792
13
167
614
72
993
148
926
155
120
124
755
145
367
438
77
461
827
130
488
170
494
501
411
184
469
1003
938
1014
347
85
721
897
797
6
426
103
515
282
875
272
206
318
37
714
857
118
574
262
766
967
541
638
591
273
401
102
699
182
807
75
871
190
98
229
44
754
258
339
211
796
5
979
254
483
880
1000
11
20
828
595
21
99
276
95
672
705
844
901
1008
700
436
684
898
553
645
176
357
671
647
30
208
248
634
238
259
231
112
56
39
366
764
809
851
108
668
712
424
263
338
76
637
659
447
437
243
333
774
679
35
823
984
417
201
314
87
765
285
661
384
360
144
175
883
45
0
524
484
278
289
896
496
818
814
895
312
651
708
988
270
256
337
71
308
952
464
909
772
213
382
453
793
298
864
791
80
729
950
855
784
658
414
934
200
212
997
4
837
775
735
703
599
525
713
354
505
280
945
554
478
969
728
323
214
579
655
973
506
371
693
990
36
465
332
346
1004
3
598
317
970
163
653
344
533
57
556
216
803
331
389
971
570
813
954
34
230
848
741
373
240
294
321
575
821
1017
84
826
879
364
922
42
629
567
795
448
833
921
482
96
1001
894
402
817
169
890
277
173
869
408
675
394
935
625
615
141
724
987
861
329
912
221
760
336
548
450
381
387
82
81
860
917
559
405
562
1018
588
663
804
433
232
832
547
26
142
800
888
623
1006
64
540
361
511
571
782
79
854
757
1015
40
932
697
497
899
701
291
94
677
18
131
923
836
427
652
786
992
418
29
335
268
386
17
953
132
160
650
537
903
202
743
391
847
476
777
261
941
507
958
771
557
224
245
722
617
787
181
565
235
552
742
195
429
257
586
594
680
776
133
179
812
356
16
119
15
578
172
682
350
74
406
605
913
939
906
546
502
449
948
608
528
171
978
957
186
642
773
740
592
24
727
458
994
998
492
589
573
140
931
924
237
86
161
73
55
233
667
822
58
529
374
50
761
955
378
260
180
805
593
60
889
734
609
400
820
846
624
225
104
669
