597
367
224
896
549
0
981
254
1000
102
958
944
710
742
772
1004
451
48
688
330
752
1
175
361
537
768
784
185
748
806
145
291
332
334
188
358
229
1016
498
839
899
176
582
676
741
473
690
730
794
460
58
93
800
795
136
85
310
562
482
276
997
428
70
444
535
259
828
569
293
550
456
921
455
781
45
440
464
934
143
600
774
596
266
637
140
223
779
677
431
961
955
770
265
241
209
148
882
929
421
112
162
255
83
171
157
340
554
411
923
153
812
932
776
721
104
271
54
520
478
754
205
972
415
913
739
346
253
234
139
639
454
534
187
2
756
876
613
94
675
898
375
31
551
640
364
198
263
532
865
527
127
269
78
87
62
164
837
386
387
952
979
446
591
41
847
499
842
832
441
764
577
315
874
487
341
245
144
159
383
975
858
372
984
190
1003
424
873
609
11
394
557
519
533
714
318
555
362
178
990
575
686
326
108
467
522
382
1010
655
302
168
348
300
659
47
813
435
182
810
380
392
290
412
118
304
142
321
914
486
400
547
37
783
568
381
222
437
33
436
363
661
228
344
109
410
777
883
630
662
940
374
702
599
287
529
679
354
878
917
893
854
167
982
544
886
565
322
505
901
9
68
631
247
449
257
991
548
152
28
924
665
166
807
134
694
724
744
59
427
970
965
479
903
235
39
704
621
507
627
56
787
788
956
447
402
561
106
909
780
749
578
706
34
747
967
892
656
29
17
495
567
818
319
10
804
753
646
267
693
422
951
954
244
727
848
13
172
887
366
32
844
150
399
76
325
716
791
7
1009
202
328
589
920
384
579
272
217
466
240
203
51
644
201
708
560
962
584
947
805
213
238
651
977
681
484
864
523
463
778
419
443
131
36
55
860
845
641
357
538
937
82
603
89
1017
718
808
703
822
852
658
163
838
204
49
329
91
673
821
1007
563
939
195
620
605
71
24
468
63
993
558
870
989
720
707
793
765
308
218
155
459
663
647
193
488
432
729
616
689
438
1006
450
695
671
736
200
35
666
289
696
389
353
226
292
957
335
657
183
149
564
950
974
733
871
237
274
369
98
181
15
225
790
497
338
416
611
516
698
239
521
829
904
938
133
608
199
347
682
122
660
966
220
4
902
457
799
490
889
869
103
20
480
97
418
606
862
80
81
897
515
512
592
312
948
317
378
1002
301
556
755
935
998
634
814
299
25
373
843
846
38
593
197
426
559
737
491
233
61
968
184
314
500
773
691
840
279
320
986
633
281
111
105
552
256
270
465
64
285
469
489
496
725
368
280
212
57
571
622
746
336
872
745
614
408
132
945
964
425
351
130
985
439
978
542
216
861
853
414
757
461
376
674
994
307
215
397
918
585
841
573
617
309
971
743
331
345
653
963
546
802
60
313
797
570
908
96
160
618
911
158
583
406
75
95
445
18
553
30
888
712
906
652
311
803
8
385
879
214
683
863
21
750
448
65
941
528
186
543
732
433
602
283
760
819
359
508
352
831
511
629
722
771
476
581
401
3
470
27
74
701
192
391
680
623
370
273
588
912
50
654
684
826
207
685
867
925
69
194
849
236
726
99
827
475
327
156
138
1005
88
933
221
19
333
946
264
580
324
740
894
953
252
117
601
789
141
16
66
506
504
453
434
22
905
342
850
502
509
922
284
524
177
423
692
868
715
42
927
785
628
196
161
857
393
766
471
173
5
943
884
890
403
1014
278
801
751
360
969
377
988
687
125
371
73
900
624
728
407
14
615
170
798
711
409
219
709
52
762
1018
230
636
107
855
296
834
395
531
574
26
598
243
246
124
539
678
648
670
101
337
404
530
809
232
572
930
767
429
866
619
1008
191
815
116
880
46
758
541
146
452
110
303
959
1015
517
67
881
973
536
525
398
705
306
261
483
996
669
817
12
594
147
518
249
786
179
323
931
1012
462
960
128
180
738
576
1011
154
545
86
856
472
277
258
731
875
210
114
526
119
206
649
811
586
713
540
999
282
587
390
915
775
916
928
907
830
995
339
43
260
910
635
165
595
514
885
859
251
877
566
474
792
115
820
987
248
350
120
645
189
501
667
100
208
316
113
604
23
92
268
510
723
492
612
983
836
396
227
980
135
607
782
664
126
79
895
513
151
356
458
77
992
1001
763
700
288
123
405
250
761
926
650
137
174
891
365
262
638
816
44
835
625
769
494
295
231
759
430
129
823
40
388
697
851
825
355
936
417
717
493
84
734
477
610
6
672
919
121
481
349
53
942
420
824
343
632
590
72
275
297
485
442
413
298
796
211
286
90
976
735
242
642
169
503
1013
719
305
626
643
379
833
668
949
294
699
