1010
673
986
440
966
718
414
396
737
866
238
194
67
202
129
816
284
765
123
299
644
293
104
386
932
328
186
558
97
822
766
713
568
277
571
965
855
551
261
207
398
975
942
850
144
346
279
91
481
614
445
329
545
120
2
223
876
64
788
881
290
243
491
453
7
813
86
921
423
63
1018
976
587
518
578
242
736
681
622
967
573
19
846
379
484
416
641
912
547
887
33
746
47
627
252
276
197
859
793
786
323
632
314
930
780
249
128
164
899
464
972
864
725
674
927
178
602
539
533
767
971
77
635
85
570
960
616
532
996
844
11
292
524
613
322
756
46
222
361
580
656
438
130
132
318
546
1015
892
907
510
49
832
726
917
54
695
778
664
662
467
465
890
554
165
412
884
808
954
265
758
22
894
305
964
663
764
787
502
590
1007
41
224
900
572
458
799
102
763
994
945
389
75
757
943
827
154
637
961
743
525
721
919
206
153
955
50
916
495
797
626
231
351
497
60
617
680
1004
667
343
282
263
908
229
182
858
733
610
422
8
915
730
840
872
330
990
488
842
717
841
36
300
820
119
991
341
98
978
969
582
217
824
230
373
744
169
549
142
729
4
634
109
57
863
951
372
814
456
286
941
968
636
826
198
998
51
38
625
997
201
984
171
809
168
869
473
486
811
6
707
352
1016
82
918
409
754
608
829
336
403
246
157
500
5
910
853
520
828
247
257
380
404
26
750
1006
362
631
173
958
156
711
761
256
434
956
463
476
957
709
727
226
309
355
94
755
639
784
208
1017
671
977
92
563
920
870
868
710
250
76
760
522
350
843
499
166
146
183
594
367
121
821
148
950
273
703
509
298
675
670
163
654
331
599
27
475
237
296
747
334
259
782
531
819
490
302
839
800
534
433
90
378
1005
801
776
777
360
196
111
701
948
335
959
692
794
565
511
288
541
823
517
34
37
159
401
39
241
55
425
152
798
136
478
357
418
530
974
267
20
1009
240
53
177
234
543
583
818
492
126
205
402
99
375
390
526
705
773
535
619
686
301
514
406
40
516
646
515
167
902
410
557
89
1002
962
897
852
138
457
696
12
225
802
529
316
527
838
471
651
369
472
106
419
792
690
421
80
715
42
611
672
254
605
100
501
24
914
61
262
544
23
923
732
28
698
700
708
211
101
882
451
592
952
122
742
779
3
268
728
385
949
59
368
748
989
108
228
232
925
598
640
442
731
669
740
429
68
143
684
16
560
770
307
415
936
395
424
993
689
212
659
304
970
365
192
575
658
436
665
896
523
105
751
245
184
482
483
158
141
992
312
981
911
174
562
73
645
248
559
702
857
618
283
462
308
321
295
769
508
652
804
898
430
62
762
485
162
113
278
805
427
66
831
928
791
593
52
466
374
504
359
723
432
244
521
150
913
752
860
607
851
221
15
812
741
93
339
149
187
606
200
209
537
340
43
319
460
830
110
487
609
938
630
324
922
160
865
540
871
449
660
904
836
382
287
1008
624
600
127
260
118
258
795
655
69
185
886
999
315
366
29
668
889
439
620
963
203
931
280
95
353
538
87
875
579
759
621
189
195
693
392
88
796
431
269
83
775
676
227
65
489
170
706
441
683
79
745
933
17
391
983
1013
815
566
161
507
734
642
271
216
96
14
270
188
576
513
35
468
426
985
712
704
411
753
155
48
591
825
980
469
934
691
253
275
577
135
929
638
944
647
31
408
506
666
371
771
437
407
867
393
455
685
370
397
493
982
893
697
589
688
376
139
569
327
114
176
888
653
461
612
450
272
561
417
137
210
553
657
190
1
789
661
891
405
420
112
274
233
987
552
837
847
498
874
116
935
722
586
885
347
988
548
774
873
574
356
477
803
125
738
175
344
877
677
124
629
781
878
926
835
387
21
444
151
117
720
235
505
452
861
214
946
973
199
648
883
435
714
643
604
74
236
413
325
628
939
937
1014
32
255
363
13
291
78
556
903
536
496
213
266
623
44
584
995
10
790
313
181
716
220
650
349
400
317
596
264
512
901
338
749
103
179
880
615
470
679
474
239
204
567
251
879
0
699
845
895
1012
687
364
454
459
595
1003
172
348
862
503
443
1000
84
585
383
30
953
134
834
303
310
947
354
633
601
550
294
856
337
428
394
924
297
115
306
333
581
145
1011
45
528
494
555
384
399
603
448
193
281
219
107
785
218
358
447
940
807
479
345
1001
326
25
854
320
909
519
9
979
694
332
311
678
833
719
71
289
342
72
735
147
191
58
772
810
446
588
215
18
564
906
542
180
817
381
905
480
783
597
768
131
377
806
133
81
848
739
140
56
388
70
849
724
285
682
649
