152
638
213
39
956
326
65
526
306
376
588
584
696
602
37
1018
796
314
990
838
547
621
405
88
565
555
488
858
68
419
109
98
873
689
175
329
483
866
434
833
445
806
517
500
328
156
524
954
855
616
977
158
80
347
843
140
928
113
875
21
864
950
311
364
693
719
810
427
825
683
534
357
771
450
368
13
520
115
462
149
225
122
69
558
657
613
993
325
729
22
879
112
628
933
961
120
284
82
416
605
937
91
999
972
114
654
339
55
190
703
257
644
639
47
905
620
481
443
384
515
127
726
433
572
180
346
592
737
791
970
593
192
1011
474
173
762
721
242
24
760
52
939
853
143
747
361
241
62
629
894
214
751
207
840
1015
734
72
457
850
181
676
920
176
174
949
898
316
598
713
153
56
807
671
848
1001
283
460
663
581
743
567
208
429
299
398
916
136
772
84
803
360
953
111
906
265
941
40
821
891
301
485
45
706
971
814
125
560
716
336
741
8
610
472
521
1017
337
994
822
151
186
134
546
70
539
440
982
116
288
508
18
837
4
998
289
779
986
426
100
160
846
67
1007
550
285
672
165
630
759
459
541
859
223
909
195
883
157
245
595
815
811
1
656
590
585
464
341
868
940
618
942
929
790
193
388
666
728
206
489
831
960
108
171
938
573
26
710
544
965
327
344
235
33
383
673
723
532
343
935
769
782
877
74
36
583
358
139
701
622
564
262
714
353
449
240
250
533
492
96
305
41
802
896
545
274
455
969
79
543
847
438
702
102
20
332
57
5
707
962
386
813
919
77
251
804
542
407
189
607
338
27
789
141
107
144
446
437
29
739
823
480
315
842
412
1014
511
261
413
888
23
497
493
562
234
523
882
863
915
580
355
922
768
463
150
599
298
844
324
161
608
164
182
496
943
183
530
612
878
624
379
184
845
222
32
290
216
372
367
841
596
430
903
678
330
211
505
97
551
441
697
686
86
466
563
805
359
642
552
313
272
73
106
282
1005
381
363
34
730
824
10
128
627
495
720
699
345
471
263
373
900
1004
918
126
475
661
400
414
653
81
201
247
981
371
951
660
812
335
561
210
681
377
874
169
708
479
188
991
58
411
867
575
516
48
28
797
636
798
531
712
527
808
415
63
944
90
704
228
137
30
753
603
528
89
715
968
964
904
887
309
204
645
985
194
310
308
229
494
586
291
646
281
897
522
260
266
232
321
296
632
401
921
685
110
177
945
99
461
76
709
391
514
927
14
983
220
456
154
679
25
420
912
959
735
129
566
418
957
203
1008
130
185
408
342
19
389
1003
1002
238
399
529
297
422
378
997
509
465
554
934
648
513
557
402
132
17
559
38
159
424
170
615
881
576
16
248
501
271
1000
926
307
860
121
295
3
711
476
46
947
647
264
826
75
60
258
425
594
499
680
349
385
974
453
244
649
243
849
439
478
390
785
233
302
755
569
549
767
670
556
740
674
246
801
795
757
392
95
118
436
421
793
966
454
253
387
893
754
312
677
731
215
856
396
765
667
619
705
303
738
50
684
273
890
209
571
830
695
11
911
101
54
317
553
267
907
506
886
470
913
168
92
351
980
773
280
800
640
692
725
880
6
322
722
889
221
197
652
917
687
369
31
292
538
172
406
744
94
155
218
278
756
43
167
651
614
394
984
1010
451
781
448
268
49
777
64
535
147
669
609
634
872
788
366
435
375
138
205
491
536
780
269
764
668
294
59
761
370
83
688
504
839
748
658
892
239
219
145
787
409
66
577
444
323
320
393
958
9
1016
776
224
975
763
770
119
287
275
487
356
318
525
932
631
832
836
85
410
374
519
254
1013
924
662
0
582
468
637
431
979
447
334
382
698
78
724
718
93
857
794
655
178
623
498
758
452
611
870
249
199
540
766
395
786
827
518
908
362
925
417
600
682
352
955
792
226
973
365
727
512
163
380
135
510
752
617
742
862
7
946
423
42
902
923
252
61
914
885
976
428
300
319
871
179
987
191
587
746
473
967
196
486
568
124
404
104
117
930
71
736
633
35
778
354
333
865
995
458
597
733
936
809
783
876
604
861
187
750
834
293
217
820
230
490
44
901
467
988
829
166
963
851
105
286
1012
694
899
484
992
643
852
816
537
732
148
133
200
503
15
817
51
626
664
818
123
304
198
606
774
745
835
978
255
659
432
507
256
502
348
2
854
212
884
589
989
700
482
87
665
570
279
775
784
227
574
869
579
231
948
996
952
799
548
237
650
601
675
1006
331
690
749
146
397
895
717
635
236
578
1009
12
162
641
931
910
403
340
350
53
142
277
591
691
103
477
442
819
259
202
270
276
828
469
625
131
