829
919
113
371
1015
889
88
253
482
797
294
262
336
522
718
581
518
526
423
343
563
27
938
148
808
854
56
370
73
143
159
657
303
86
297
483
617
299
147
508
758
867
220
161
963
59
104
672
713
310
439
826
408
817
1000
785
720
329
292
860
723
91
497
499
579
92
68
823
901
295
185
89
696
412
913
962
681
296
357
805
287
233
523
471
1013
433
1006
338
894
912
586
864
103
487
776
260
944
11
1014
435
118
782
512
1005
610
422
728
620
940
443
134
538
393
835
573
367
108
359
833
521
875
949
288
98
654
335
784
465
897
128
440
271
62
574
280
655
448
664
893
270
28
426
291
378
252
509
14
267
425
186
984
40
607
628
266
660
212
895
802
35
985
989
470
251
925
535
979
855
238
988
631
175
640
172
361
520
790
150
54
464
687
504
623
317
39
884
13
980
105
1017
643
772
948
842
853
871
474
595
1003
264
996
694
815
821
485
818
368
237
315
430
945
736
463
133
75
1008
898
168
121
397
651
328
457
550
976
305
708
927
729
472
217
391
441
442
810
146
680
768
995
72
565
899
549
376
87
228
626
394
498
584
19
622
870
1018
639
727
677
659
330
83
112
872
700
693
534
547
197
554
183
511
597
340
126
437
176
676
249
44
702
174
950
766
929
467
479
125
726
213
971
567
707
136
349
589
609
352
997
151
255
769
429
265
724
358
390
507
18
900
836
830
513
48
114
162
879
544
337
221
923
602
862
973
961
778
29
388
12
401
697
733
325
8
572
705
484
436
438
968
173
904
331
987
956
804
156
189
47
998
744
236
730
869
117
201
240
667
902
231
873
488
106
740
580
61
652
783
489
190
967
599
958
119
663
85
634
473
780
116
543
959
841
601
74
585
399
510
852
881
646
557
500
195
993
886
460
16
93
309
323
486
775
30
392
261
290
605
571
304
960
965
637
462
957
786
234
568
396
822
137
414
257
245
671
794
389
877
991
515
890
274
582
69
712
844
283
745
400
673
532
79
738
398
541
272
187
453
144
154
142
916
196
230
819
259
354
717
551
216
954
891
887
209
977
809
840
80
199
242
77
773
947
531
994
737
84
820
588
208
596
828
202
369
163
109
256
592
21
419
31
644
211
495
933
380
992
716
587
761
243
167
591
413
427
364
110
204
178
648
410
661
78
366
764
576
969
258
851
719
972
130
739
575
451
747
679
678
878
191
502
496
341
445
446
17
424
519
1009
282
469
816
9
754
318
715
63
38
616
600
970
314
669
666
225
374
529
115
94
685
866
355
205
645
924
636
232
834
227
381
387
558
444
611
880
226
909
23
981
537
625
1016
516
566
102
219
247
619
553
505
224
743
649
964
907
34
33
0
613
158
466
763
562
346
560
570
490
428
254
501
171
452
865
849
638
493
152
139
903
569
215
686
458
141
749
635
57
480
598
53
796
81
577
64
409
405
160
339
71
1012
709
284
223
420
344
132
356
188
514
593
273
140
157
999
373
182
774
1004
449
342
32
145
807
165
153
539
701
699
360
606
421
642
978
90
608
953
670
131
540
198
691
138
917
824
2
704
942
690
20
301
647
327
60
800
26
748
65
210
476
931
955
1
277
276
415
530
837
432
45
656
1001
320
698
200
353
650
753
741
876
564
372
76
455
735
37
793
827
765
936
192
324
791
914
263
286
123
1010
861
832
279
892
908
928
714
207
781
96
250
986
896
52
525
307
51
181
662
624
149
155
760
966
111
348
792
843
542
67
285
326
934
403
559
838
906
268
222
604
316
757
350
135
721
751
36
918
683
15
298
179
229
58
630
975
932
214
101
218
321
25
7
311
468
347
771
665
312
603
365
983
313
180
614
926
731
50
129
170
920
814
22
767
848
799
517
789
621
930
762
124
382
10
164
941
857
319
122
629
95
653
418
706
612
777
742
536
915
193
839
379
302
756
863
910
746
883
703
695
911
787
322
811
41
658
169
385
404
1011
689
492
416
475
477
779
850
952
506
300
55
845
386
943
770
456
641
375
688
594
632
362
97
4
692
289
269
384
548
527
42
759
127
411
383
395
990
293
561
275
922
417
461
682
552
70
450
874
1007
937
798
6
935
120
99
166
755
248
806
5
407
3
241
882
750
66
306
752
710
454
921
406
528
345
503
803
533
555
813
333
801
684
177
675
82
859
545
825
627
618
402
847
24
43
281
447
583
107
846
711
856
194
905
494
203
459
788
812
184
546
377
478
725
888
308
481
434
334
351
246
674
615
491
732
951
244
734
868
668
100
974
858
206
885
363
1002
556
332
524
578
239
590
795
235
946
633
939
49
982
278
722
831
46
431
