752
683
307
422
482
73
814
279
209
78
836
297
11
972
444
589
93
790
808
584
177
427
314
216
287
368
65
979
945
609
417
923
820
495
266
660
948
740
624
47
690
662
192
223
41
128
667
83
19
585
323
955
250
424
675
281
952
885
152
841
233
816
486
24
308
107
344
514
990
860
1002
927
568
77
867
324
497
733
232
75
659
869
622
673
418
479
541
403
890
289
186
689
879
772
909
970
58
62
355
695
337
312
383
983
145
944
305
154
70
669
817
4
854
172
617
771
693
756
652
560
904
815
291
496
176
719
981
283
949
435
304
769
460
993
420
494
1000
59
381
478
106
666
360
371
13
350
913
320
303
389
394
540
94
901
464
840
244
656
681
34
300
262
340
315
166
207
594
892
458
178
132
761
457
475
313
635
527
16
608
968
963
414
129
621
301
375
214
432
397
755
537
634
839
508
915
688
40
548
293
582
616
156
218
370
449
848
995
713
954
280
81
201
686
171
704
148
521
959
490
352
295
100
88
359
436
140
227
886
453
229
504
931
321
401
169
431
50
856
620
22
786
577
179
946
953
716
884
6
76
653
657
858
333
780
827
619
14
299
1017
1004
185
270
138
63
242
342
843
134
428
943
533
691
996
272
470
277
248
151
487
230
805
588
330
430
865
212
631
407
661
438
246
707
847
776
456
908
205
800
240
715
354
965
777
789
576
926
863
881
956
969
558
27
723
811
598
793
611
768
889
32
628
258
744
68
302
413
957
997
562
679
220
99
580
21
992
699
391
906
950
700
143
625
142
682
465
511
276
341
139
696
137
851
626
967
542
224
735
668
818
627
441
118
571
112
613
774
259
742
43
373
891
614
30
791
316
920
261
566
532
932
327
278
857
559
775
345
766
866
338
605
846
639
947
282
871
15
174
198
551
910
821
180
706
941
623
812
57
141
903
3
746
711
579
86
754
329
509
195
268
602
71
349
692
489
501
596
351
113
1016
26
578
633
922
921
204
90
934
31
600
448
170
844
591
474
336
561
770
310
317
105
549
459
215
7
274
547
642
525
975
20
228
785
442
325
672
868
526
637
399
604
803
638
985
29
447
837
743
493
874
52
1008
153
136
676
167
255
294
17
318
271
91
798
147
529
433
306
973
484
960
168
130
146
781
749
807
502
372
712
23
895
646
687
724
455
574
597
907
572
1011
557
702
714
343
5
69
826
298
842
387
802
855
245
64
80
902
918
384
175
376
1
583
610
685
56
705
82
758
570
573
200
861
517
834
717
911
832
721
249
103
763
48
694
748
108
924
720
164
799
160
894
406
530
363
471
89
710
421
79
982
101
331
292
612
288
405
380
883
850
991
451
385
513
680
353
463
285
311
187
630
61
873
446
10
595
251
60
810
880
650
796
1009
84
767
1003
936
334
829
194
28
131
97
516
193
518
665
357
254
66
480
173
539
208
158
753
773
718
273
74
912
416
512
862
122
567
114
601
45
468
794
476
636
469
365
987
935
925
92
838
236
658
127
784
961
813
564
110
425
260
290
335
161
678
644
163
252
202
830
546
361
96
488
703
734
39
750
708
872
825
632
833
737
964
36
731
46
199
663
586
402
607
85
264
409
764
942
645
643
870
284
332
640
759
765
966
500
729
388
725
9
221
797
515
727
239
190
155
778
989
241
412
53
379
543
651
563
38
184
940
1005
411
234
801
745
149
328
674
115
462
986
864
213
159
505
286
823
905
51
492
888
709
346
123
120
395
117
782
382
196
556
994
730
929
390
203
751
835
896
664
587
684
859
593
243
971
615
408
998
396
787
698
237
109
899
524
722
423
606
466
443
95
434
506
677
467
119
736
35
225
124
520
977
988
144
893
974
222
1010
553
978
72
55
348
440
828
217
877
670
581
182
426
939
629
150
111
25
398
852
116
738
364
550
275
339
162
671
876
445
648
938
897
181
247
347
392
853
8
473
235
534
135
536
783
900
269
197
219
599
510
165
183
367
697
211
210
804
377
121
788
831
356
916
267
454
452
980
984
319
296
477
256
104
507
157
641
528
37
806
538
257
263
378
374
1007
592
882
125
555
450
491
404
930
726
358
366
226
253
1012
976
386
779
552
362
732
1014
618
369
535
914
792
958
1015
760
655
741
2
795
951
98
0
439
654
647
919
1018
189
565
265
437
322
1001
824
739
822
575
917
54
747
999
481
522
590
875
126
49
206
569
461
1013
878
845
309
231
757
33
87
326
485
728
133
531
544
887
12
701
933
472
238
393
102
603
649
415
498
962
819
762
523
849
503
809
400
67
429
1006
937
410
191
554
483
545
419
519
44
499
18
928
898
188
42
