381
785
473
162
1006
336
149
125
965
462
183
295
942
55
175
983
805
569
818
670
712
28
711
563
572
801
353
4
842
397
248
358
199
70
799
42
173
697
498
637
922
857
883
830
576
59
146
77
317
105
36
787
795
148
382
784
177
882
282
754
991
184
786
72
404
817
244
141
727
472
182
420
429
37
723
156
258
735
640
13
970
775
406
75
455
859
318
976
863
710
364
279
650
107
301
716
168
994
259
190
593
124
939
850
95
709
483
464
946
324
185
632
987
475
14
798
478
328
522
93
530
170
48
30
388
319
996
140
741
283
824
206
938
240
651
526
447
456
506
368
375
684
688
696
547
639
699
636
984
25
827
767
101
276
915
31
243
467
426
99
852
253
808
897
960
571
402
647
2
977
907
465
121
207
868
82
118
421
714
624
234
844
457
134
802
703
158
503
575
854
314
333
352
414
50
794
948
657
656
225
927
171
489
721
634
668
687
625
359
163
760
553
114
739
500
945
3
41
195
288
899
176
224
1017
628
157
147
150
895
357
692
1004
380
377
878
671
277
322
280
86
187
917
975
422
612
242
599
20
959
833
770
828
386
56
964
555
284
560
100
867
26
669
396
717
720
172
978
891
751
441
394
771
725
463
236
869
135
511
834
797
166
682
541
474
444
215
602
286
746
423
768
254
885
884
630
819
525
263
908
814
8
955
747
69
590
674
638
549
998
613
512
103
345
587
60
232
829
580
861
249
477
851
354
659
1
210
268
505
995
0
92
685
165
94
109
193
123
495
678
409
412
894
552
256
752
238
191
870
941
901
316
665
116
439
889
132
601
693
189
934
523
595
367
872
373
471
864
558
154
614
597
733
194
988
903
497
22
539
482
480
508
7
490
204
832
347
537
519
179
491
274
533
451
487
535
729
83
269
930
221
879
921
788
434
74
395
160
309
924
110
913
476
408
383
838
509
216
858
339
600
806
914
609
425
201
226
361
39
378
837
136
442
969
271
40
809
510
681
119
252
481
610
702
836
928
561
296
706
335
611
581
449
128
306
865
68
940
871
846
445
302
66
528
164
389
676
953
102
43
690
261
73
96
432
529
686
267
84
588
929
700
584
1005
831
202
540
492
196
774
961
755
341
90
550
12
197
29
888
920
23
516
993
598
904
789
142
307
112
260
1014
545
310
291
227
773
247
887
1008
360
223
469
962
502
220
374
683
33
393
607
413
866
81
707
605
658
111
652
1000
229
214
320
433
646
144
877
272
886
761
675
982
493
839
343
200
926
654
645
790
313
507
24
757
80
133
554
617
596
860
544
440
290
411
385
325
428
138
980
910
585
925
919
198
881
65
376
730
603
708
1015
355
366
289
896
999
583
772
21
570
667
731
909
501
776
262
312
222
5
188
616
398
327
88
1011
566
782
117
1012
209
46
332
62
559
862
405
515
344
813
446
392
349
701
436
918
973
568
906
305
672
732
63
265
401
338
1010
91
6
781
902
329
704
783
53
287
853
726
1013
738
443
843
237
691
557
98
728
848
468
932
233
71
719
342
979
372
34
679
694
370
362
38
390
740
629
820
680
543
419
47
494
538
621
459
496
517
905
273
793
916
416
484
936
270
562
346
152
239
448
181
873
391
275
486
400
27
778
297
620
303
513
218
875
777
893
87
974
369
410
321
947
705
954
796
35
211
622
578
749
876
765
241
643
642
567
898
816
532
589
131
399
255
800
54
966
963
981
618
326
823
990
579
51
655
278
145
315
384
57
758
180
186
350
900
219
246
689
78
10
780
159
695
217
608
841
633
673
44
130
792
427
534
458
546
178
250
192
337
943
245
586
847
986
743
967
950
104
935
281
594
115
548
737
167
971
744
52
435
631
89
845
169
951
461
212
424
718
137
753
371
294
619
698
713
1016
531
644
97
518
106
356
454
230
556
153
407
431
840
437
174
641
769
931
365
16
968
825
551
453
293
582
122
573
762
76
323
292
120
1001
417
660
79
113
58
330
750
956
264
504
479
418
450
363
944
822
499
812
155
952
527
911
285
623
722
804
108
304
606
564
1009
849
524
161
18
663
661
989
1018
626
143
348
299
1002
835
213
1003
912
379
129
460
9
677
627
811
653
452
300
604
874
958
542
748
577
203
810
387
745
592
485
766
49
779
11
15
32
488
648
985
1007
972
470
17
791
815
759
662
957
992
807
520
763
736
756
151
521
298
536
466
715
235
514
591
764
205
826
438
855
85
311
565
257
856
127
208
340
923
664
803
126
251
734
334
308
649
615
821
949
403
742
666
351
61
19
266
574
635
892
228
64
415
231
933
331
937
67
430
724
890
880
45
997
139
