873
616
416
464
422
418
811
97
694
201
107
956
117
101
483
415
621
215
567
628
637
829
332
392
729
133
665
163
1014
84
482
240
868
383
185
136
801
153
309
785
913
199
467
986
366
390
838
85
587
656
433
641
375
632
278
837
813
671
429
843
260
440
725
407
563
60
212
566
917
796
363
692
588
803
177
44
605
590
306
545
777
19
592
23
192
233
883
766
341
825
205
780
404
862
406
432
995
1013
411
514
342
921
36
603
186
778
600
380
149
980
195
646
370
146
928
275
413
232
471
820
652
403
88
16
307
368
394
62
939
657
272
152
786
699
64
586
608
50
189
30
981
460
265
731
113
618
1000
310
247
926
409
291
562
904
871
318
430
454
373
218
569
675
100
651
711
872
456
26
106
115
819
856
182
449
544
206
690
421
17
367
314
889
155
400
196
93
227
361
74
331
284
909
972
95
8
650
607
601
131
853
1005
946
191
251
672
568
398
376
932
128
446
345
151
474
377
599
764
630
13
506
823
141
717
783
295
317
1017
138
210
491
369
899
130
773
417
243
734
968
821
68
437
494
518
424
532
203
860
1018
80
761
668
864
531
1008
504
535
492
9
659
312
967
1011
754
612
405
522
236
807
835
401
647
529
395
393
606
560
463
252
900
15
32
347
308
357
782
681
733
554
841
577
974
505
220
481
135
329
859
31
348
108
323
877
884
705
881
253
793
579
274
527
143
352
384
216
204
903
918
817
94
708
847
770
952
912
485
861
426
916
301
445
806
448
213
715
438
5
772
408
739
573
970
154
140
663
322
735
338
476
930
689
276
902
678
653
818
87
876
315
747
896
346
495
809
3
526
462
740
255
469
38
536
139
792
997
164
1009
994
805
91
966
985
721
941
858
954
386
530
29
452
244
435
321
479
46
585
73
741
202
241
631
324
1012
816
52
558
242
982
685
327
832
477
915
664
254
622
298
737
230
713
534
867
937
343
283
614
959
187
914
335
629
539
655
211
644
326
12
533
7
156
468
82
226
509
547
523
286
420
597
677
118
268
584
802
51
575
726
574
908
728
381
834
453
457
190
110
798
548
86
33
953
824
256
320
280
869
543
776
116
790
797
768
565
891
112
624
217
225
669
781
214
267
105
511
158
388
385
40
63
710
851
188
538
137
77
21
122
351
578
258
945
500
512
564
582
43
723
927
279
349
355
121
784
826
679
788
700
61
292
830
359
378
748
654
660
704
371
271
901
18
239
962
892
480
69
336
362
459
752
410
895
513
673
4
977
810
666
550
58
955
730
159
443
290
450
419
998
0
989
878
223
96
804
695
200
988
466
720
516
965
197
399
559
333
66
245
561
716
148
943
815
297
337
382
144
950
593
750
455
389
570
976
99
207
170
104
497
354
684
179
507
727
360
822
670
24
22
714
281
123
828
619
911
991
910
546
183
160
27
842
722
993
852
194
794
520
501
238
648
617
78
979
676
957
920
2
897
517
473
870
738
857
119
503
771
795
888
598
470
287
475
552
427
519
67
157
1004
960
661
1015
264
634
580
707
613
999
635
581
396
288
221
1006
1007
933
499
836
34
942
643
364
451
919
905
604
808
98
319
358
472
712
762
423
951
6
166
353
583
109
894
134
697
702
973
935
525
589
907
971
745
120
365
515
602
760
263
680
595
875
294
303
65
237
627
719
645
270
638
434
496
28
161
397
171
257
610
488
150
854
987
14
938
743
886
611
458
10
923
219
924
431
693
948
167
658
198
49
594
540
749
855
775
147
537
316
1
246
812
1002
779
528
949
461
649
92
1003
42
72
181
759
633
732
553
662
551
289
845
229
623
304
328
758
996
56
489
261
493
879
936
125
791
300
102
172
305
259
484
180
844
325
269
787
555
250
687
79
262
387
208
744
168
890
925
126
103
174
975
45
549
984
209
840
231
800
636
313
556
736
508
132
129
249
296
350
235
1016
266
53
37
789
701
178
541
767
814
849
874
293
372
827
391
961
929
640
436
81
76
339
356
524
89
340
25
478
642
1001
83
682
557
757
591
831
114
964
521
596
344
285
59
799
774
71
667
906
846
299
486
765
447
990
311
756
228
425
944
963
498
691
746
887
224
70
379
880
439
703
763
609
571
615
625
893
922
898
222
848
277
442
142
698
709
41
882
674
724
127
412
866
958
502
742
39
11
47
833
487
444
983
992
620
465
169
751
639
978
490
428
165
969
234
947
48
753
111
850
934
162
90
626
931
414
54
769
865
57
75
441
20
686
755
248
55
885
576
173
184
688
696
35
1010
572
374
273
145
334
683
302
863
839
542
124
193
176
175
402
940
510
706
282
330
718
