966
755
1016
684
784
324
33
24
128
312
261
788
672
104
532
751
597
350
309
455
757
933
903
875
4
196
742
963
198
593
377
521
63
841
302
393
601
152
844
560
444
390
425
226
381
64
629
384
825
124
258
772
185
360
119
114
380
992
194
93
458
77
227
6
82
475
112
497
286
192
452
849
268
291
932
401
936
951
345
308
913
541
795
479
491
247
180
499
139
493
225
738
157
803
294
807
655
866
262
986
779
930
792
514
251
623
979
748
652
436
953
598
5
392
81
999
976
663
11
908
487
75
264
34
588
819
753
688
946
771
1000
552
973
242
971
921
594
21
924
79
195
174
776
587
407
590
978
628
692
645
229
1010
219
726
120
241
750
490
881
874
349
865
474
813
327
643
54
781
224
1018
567
476
313
47
466
984
348
430
634
145
160
627
448
32
373
540
498
527
95
987
304
454
395
706
37
480
50
957
548
603
156
285
431
292
656
648
58
501
947
880
506
372
14
422
658
76
370
835
574
472
705
56
941
577
639
555
610
611
245
281
697
3
982
855
863
570
862
205
737
891
961
664
774
923
712
749
31
942
383
959
551
839
413
931
99
280
759
320
578
60
962
654
177
423
414
659
478
191
736
113
488
878
353
481
674
606
609
767
714
518
888
48
462
620
554
26
741
346
378
607
89
762
649
16
640
715
43
858
616
161
867
824
689
116
879
351
53
371
379
133
277
207
29
838
969
215
740
504
500
853
252
270
441
907
282
691
621
756
391
503
657
337
325
144
604
10
894
770
1003
722
136
815
463
871
612
928
364
209
821
723
566
486
582
516
259
910
1004
857
535
417
250
917
919
68
137
564
668
329
19
85
568
253
836
985
537
168
902
695
549
543
887
727
297
997
65
993
28
172
940
88
483
332
572
896
492
515
0
433
977
876
1009
720
100
934
355
217
914
184
671
131
84
911
206
210
91
701
707
846
670
983
186
644
15
107
793
926
703
83
845
171
571
183
584
900
842
94
36
673
832
290
989
680
87
699
901
869
147
694
278
964
317
411
311
1014
975
724
922
745
71
495
700
322
49
129
178
704
709
78
237
804
519
754
330
848
169
335
677
850
589
833
439
342
717
605
998
802
170
868
669
188
768
760
92
967
406
798
579
140
135
40
773
468
780
626
860
791
889
296
586
646
471
257
920
62
340
517
949
67
7
42
375
1001
403
303
763
546
547
935
870
230
638
470
159
369
785
402
465
143
662
138
591
193
533
126
148
260
115
536
608
469
449
218
101
106
182
573
927
142
394
356
141
826
125
642
96
256
799
301
1011
810
618
212
398
600
460
44
98
9
445
758
12
831
631
630
765
334
565
624
102
271
958
830
797
633
300
435
451
892
683
834
525
918
1007
179
545
678
367
233
25
641
805
513
698
489
592
575
363
912
938
725
127
387
13
854
164
782
667
482
789
306
528
622
675
35
596
221
796
457
614
427
416
529
400
326
729
686
167
733
477
801
397
223
507
263
952
108
948
981
580
405
55
925
72
23
467
190
653
939
154
310
418
255
615
426
90
822
456
485
331
344
563
647
636
428
39
735
61
731
711
464
806
46
419
404
559
619
721
708
130
211
365
453
442
716
200
323
388
354
502
895
20
937
530
30
886
906
45
550
59
239
273
232
994
980
602
151
730
447
459
945
254
176
74
357
508
165
660
904
358
162
41
710
231
220
57
747
613
676
368
899
790
284
843
396
718
996
585
523
808
203
820
569
775
943
343
847
734
336
1006
764
637
557
175
873
362
1017
828
187
240
576
199
829
386
246
816
617
328
916
526
359
794
556
682
272
216
236
22
86
437
955
110
1002
972
208
702
276
864
155
275
954
719
970
189
399
299
890
410
950
827
769
307
561
632
786
696
235
279
204
265
287
150
635
197
524
531
163
80
520
496
249
650
687
783
595
1015
685
341
429
837
352
511
840
534
266
450
968
625
991
339
117
883
960
338
319
581
382
809
132
995
651
293
238
558
743
713
38
443
851
893
811
787
118
522
1008
173
181
817
690
316
885
1013
361
248
510
420
122
318
234
27
766
389
298
897
872
909
305
374
505
288
852
859
432
944
52
461
121
109
988
915
202
8
512
877
814
153
599
409
746
269
562
484
1005
111
434
70
856
376
274
347
861
544
149
1
661
295
97
818
882
408
222
103
134
739
66
366
553
214
929
732
905
213
956
778
777
728
542
158
539
18
267
314
446
424
744
752
679
69
1012
283
666
73
898
823
509
583
2
538
965
166
51
812
438
665
315
421
990
105
800
146
440
884
321
494
228
17
761
201
974
415
123
681
244
693
473
412
289
385
333
243
