80
555
295
416
192
476
78
414
658
411
213
269
41
631
888
639
517
798
984
463
987
682
9
881
239
193
271
316
808
489
57
807
535
156
653
134
528
928
589
499
100
975
893
875
936
227
113
857
458
654
121
640
17
98
276
668
477
384
625
774
177
204
607
606
842
93
521
136
402
289
604
946
451
446
307
643
874
70
733
359
544
836
254
270
919
335
397
509
195
603
334
157
76
876
927
168
252
364
991
945
770
230
462
124
665
299
896
118
549
203
554
386
425
146
690
556
287
518
148
246
995
281
694
767
817
305
911
980
582
318
410
773
259
183
671
401
858
354
10
16
725
992
220
793
47
201
187
882
481
389
20
883
1012
597
931
989
652
340
126
331
636
782
702
794
522
938
59
452
713
320
821
981
731
972
894
22
216
863
75
474
144
1007
95
390
755
590
820
392
1005
960
785
684
902
5
832
497
114
557
709
841
620
786
199
1009
110
645
920
374
141
979
552
602
525
333
978
598
502
45
867
104
351
317
635
232
67
834
909
624
106
79
274
966
455
112
341
816
442
211
122
308
828
285
649
986
865
256
788
571
626
1010
420
916
58
925
283
771
983
891
764
551
53
895
158
575
475
298
939
310
69
862
952
752
107
964
398
1016
944
1004
52
651
679
835
262
513
472
703
727
356
235
3
212
395
542
587
147
74
681
231
313
918
419
697
734
102
677
691
427
83
913
618
547
432
43
744
342
898
800
905
852
585
889
186
345
724
182
558
869
934
501
506
830
143
51
999
612
249
1000
119
263
278
871
205
593
470
534
65
930
759
617
294
166
963
21
663
379
33
526
572
957
261
561
864
560
297
726
708
670
568
512
170
326
44
64
879
413
237
1018
372
415
483
825
337
669
258
360
901
376
123
675
31
24
562
616
711
951
996
338
25
700
791
596
929
367
39
111
599
457
754
459
503
348
66
790
377
221
4
0
543
167
721
89
362
505
250
323
878
922
322
906
504
209
971
594
763
480
923
257
378
954
382
877
760
698
813
296
647
887
14
394
899
741
998
391
343
169
667
388
465
484
955
537
736
408
662
827
242
365
444
71
159
942
573
426
445
164
1001
859
325
290
417
851
749
175
321
63
586
799
243
854
546
784
780
403
650
179
127
1011
847
441
844
349
142
292
171
680
238
207
880
8
750
705
762
181
184
60
153
447
40
492
614
38
309
775
68
962
765
580
172
406
994
601
965
769
712
279
969
288
608
718
815
914
789
138
466
96
701
861
55
988
152
139
218
133
968
943
327
783
145
247
306
637
559
135
363
84
656
86
753
716
976
959
819
467
449
550
228
62
34
202
664
1006
578
319
405
438
375
686
346
99
487
605
370
576
766
301
366
748
387
54
685
85
831
225
11
130
569
570
1002
541
347
358
433
454
823
473
155
609
163
373
495
241
94
32
853
838
91
176
890
357
486
154
129
908
73
30
50
638
772
619
422
226
926
805
579
611
855
723
485
903
332
369
200
885
846
886
538
282
548
632
868
215
248
756
46
448
103
757
178
490
530
646
577
655
482
673
92
591
217
801
194
933
396
105
450
488
90
706
843
311
460
574
494
77
224
7
469
870
948
689
456
109
191
666
115
856
272
761
453
683
661
265
642
1015
400
627
985
897
527
850
48
699
198
404
950
803
82
380
519
956
545
190
533
777
437
796
439
531
732
714
418
149
809
907
633
81
564
514
23
407
776
592
498
29
915
240
125
678
540
600
977
722
399
710
849
61
116
970
464
140
778
436
532
234
471
672
529
884
688
267
87
196
233
72
223
707
314
188
810
173
12
36
958
802
973
742
352
520
434
812
162
826
328
738
872
692
245
117
35
982
440
941
840
253
693
255
806
385
940
479
236
837
304
150
244
740
866
536
28
610
565
151
428
581
97
101
860
511
273
657
822
795
937
423
120
660
747
648
15
515
210
461
260
615
792
361
904
630
268
720
251
553
222
613
208
435
508
431
160
264
804
848
566
293
696
478
719
728
1013
312
291
674
917
6
910
18
355
746
935
56
949
49
845
108
383
967
42
128
634
1003
330
229
924
811
644
829
873
516
717
424
491
189
595
429
174
185
814
88
275
500
797
953
588
563
381
336
787
974
286
284
13
739
371
539
768
628
315
743
277
779
507
641
412
161
300
353
781
329
997
219
629
339
131
676
947
932
695
303
729
510
214
443
833
19
622
737
715
567
280
324
735
993
26
493
393
197
468
430
687
961
758
745
900
1008
165
621
921
659
266
524
1017
37
350
1014
344
990
302
523
584
132
824
704
892
180
2
409
496
583
912
368
1
751
27
839
818
623
730
206
421
137
