169
903
868
247
73
136
763
841
778
766
565
686
225
644
287
697
804
913
855
699
898
293
710
781
574
265
813
811
698
300
837
655
36
203
384
508
549
249
397
541
797
639
251
259
261
204
651
809
808
147
844
882
888
435
470
688
642
614
8
567
439
550
322
106
215
757
423
635
749
154
792
444
199
317
791
83
269
454
523
521
535
873
462
308
253
246
352
392
185
531
193
497
547
440
600
255
576
476
328
630
494
904
379
857
456
236
861
12
189
536
385
634
556
104
856
282
707
524
618
18
133
859
463
527
10
495
408
395
335
489
616
842
902
201
492
598
84
580
906
828
354
283
370
273
672
418
107
48
829
312
894
337
558
774
517
506
426
148
22
313
543
74
552
445
49
373
775
694
211
740
741
551
510
343
712
530
150
744
367
865
660
377
832
819
345
514
325
864
127
890
806
21
578
118
295
139
105
141
746
652
76
1
790
44
503
758
333
869
218
846
661
17
182
286
820
471
610
40
140
718
263
413
94
899
155
607
110
878
584
656
342
880
23
186
315
484
731
303
722
260
522
414
101
637
457
469
783
233
563
125
6
611
103
242
459
299
516
79
123
432
351
794
307
38
515
886
80
137
135
228
216
319
562
905
788
71
604
623
666
502
63
214
650
671
696
27
863
99
54
372
717
446
3
267
77
468
245
875
318
874
734
685
61
396
465
682
198
593
194
507
35
244
810
114
78
402
191
298
786
202
235
398
16
46
636
415
520
582
591
407
160
302
400
683
709
867
534
9
845
755
28
602
843
436
152
597
727
723
363
872
427
455
475
730
679
371
834
654
208
285
92
72
738
109
443
383
304
95
466
168
112
382
603
173
648
239
748
4
369
850
270
120
713
144
24
732
65
780
690
893
146
895
305
824
653
375
321
231
669
115
192
573
871
689
171
559
353
568
519
486
595
362
581
100
848
62
174
816
858
294
612
785
800
50
684
60
431
512
39
350
195
187
557
538
628
364
205
553
227
736
389
224
163
91
347
583
210
102
68
326
518
422
399
13
176
528
98
240
401
840
473
879
138
609
229
668
625
830
243
157
403
692
116
665
220
442
433
545
206
69
751
158
500
207
31
393
835
577
56
912
272
164
85
405
256
279
460
490
451
619
458
126
132
130
761
673
477
733
175
197
540
310
677
448
447
467
57
590
374
767
526
771
355
643
55
802
571
569
907
807
752
703
789
721
762
346
248
714
674
212
320
645
461
544
805
111
274
831
232
737
678
750
213
149
291
284
221
86
649
768
575
45
662
592
670
288
275
854
151
404
676
43
121
659
386
360
357
640
47
280
638
877
5
64
200
58
548
266
779
646
621
172
264
380
838
862
728
695
70
626
391
332
316
344
641
162
0
908
715
493
585
348
394
167
368
803
849
539
613
453
704
96
180
561
739
693
341
883
278
499
729
226
795
142
417
483
268
608
424
478
190
588
88
566
814
309
812
826
179
464
884
143
165
327
428
822
359
760
889
900
181
409
479
726
532
624
25
817
419
706
719
262
301
901
675
560
847
700
777
647
75
798
134
681
356
891
156
42
605
11
796
876
892
533
178
366
66
488
425
450
570
594
687
773
537
586
82
529
34
911
230
196
297
542
430
691
361
606
525
153
481
223
705
485
701
759
340
823
53
329
159
765
770
52
815
217
680
421
853
241
323
498
59
339
124
629
725
250
222
19
782
184
14
851
599
437
742
365
587
667
170
756
234
129
818
238
487
601
825
632
801
237
449
743
81
258
657
289
390
122
131
15
188
509
330
716
67
909
452
20
821
764
166
429
793
747
113
480
209
33
504
90
358
161
735
37
438
513
257
311
897
482
664
219
412
290
119
474
406
554
579
252
292
866
839
7
491
128
505
434
331
784
411
496
410
754
870
51
41
827
702
338
281
631
658
596
87
555
753
896
334
511
376
420
29
546
836
254
108
381
615
89
145
572
622
183
32
387
910
93
117
2
306
708
633
772
833
277
663
30
799
617
276
97
881
314
887
776
271
349
177
416
378
769
720
26
724
324
627
388
885
787
564
336
501
589
620
472
441
711
852
860
296
745
