695
62
836
84
478
443
716
754
351
119
535
641
132
416
848
431
251
160
71
847
112
4
420
23
910
80
159
512
450
596
576
734
685
841
107
13
763
447
756
293
812
767
490
296
532
424
334
679
842
98
878
167
20
169
722
435
157
257
909
658
911
652
277
463
25
882
571
274
436
397
370
737
544
549
246
550
7
47
335
122
887
148
645
207
510
365
769
691
26
348
187
379
106
891
69
374
144
701
373
312
536
779
176
102
511
830
375
785
183
16
449
380
845
804
76
42
81
337
454
907
558
627
834
728
791
227
300
495
606
325
147
322
29
5
858
327
439
354
295
717
715
156
780
367
305
116
548
672
855
888
673
333
154
879
771
693
628
595
198
530
877
697
837
889
792
314
189
1
273
610
320
832
444
403
278
252
874
184
272
342
256
158
54
613
839
784
850
48
866
493
429
555
266
814
108
483
228
591
43
131
684
817
759
774
573
749
526
527
143
362
343
240
188
557
856
170
127
482
651
793
654
583
904
862
626
230
632
258
768
775
114
391
518
356
899
172
37
520
747
191
19
542
566
390
786
185
868
242
59
819
309
378
65
772
289
31
637
559
835
164
885
742
90
421
324
766
426
745
38
468
195
357
350
182
383
787
871
150
735
718
315
459
876
308
323
546
417
10
117
276
398
269
825
506
657
795
725
537
733
304
689
99
24
538
452
859
509
843
802
105
458
75
270
788
760
194
415
440
392
214
794
556
516
477
686
723
648
192
368
821
540
216
600
82
387
359
409
30
898
587
757
338
744
630
807
681
592
712
8
765
412
730
588
372
605
208
130
486
743
100
27
161
656
828
51
237
639
56
633
292
340
466
223
456
209
406
282
326
710
857
777
896
894
453
407
400
497
217
758
173
70
690
262
60
371
341
109
738
17
462
93
465
149
263
669
307
53
181
41
883
434
50
553
21
503
218
881
222
622
732
14
569
531
445
401
650
567
638
67
872
438
471
215
670
199
385
594
361
599
753
515
631
687
798
714
408
175
96
840
363
603
291
34
97
820
826
364
485
810
604
554
616
186
446
608
344
57
797
854
225
579
901
574
501
912
11
539
247
474
239
564
241
694
9
720
488
140
137
396
487
418
823
711
451
302
748
68
838
171
290
233
644
475
636
790
908
79
134
441
811
136
480
281
575
419
640
249
46
620
473
523
783
721
903
180
179
433
897
461
15
253
551
321
846
381
265
736
568
533
563
87
89
853
61
74
311
661
864
234
138
789
517
609
870
750
664
460
524
727
827
778
259
893
457
755
665
666
890
900
86
386
647
405
762
585
219
166
805
683
224
35
534
92
525
655
806
151
484
442
414
892
28
662
339
621
78
328
677
236
232
869
329
101
703
709
781
298
72
849
145
643
700
58
422
799
543
884
271
294
562
561
203
163
49
708
288
589
680
201
688
577
103
504
492
514
467
360
155
815
625
125
22
752
376
18
479
352
260
570
494
110
94
833
489
126
560
3
32
66
682
699
659
178
906
353
399
121
565
902
860
696
330
499
248
358
229
162
118
572
739
746
244
91
508
382
704
800
12
867
389
210
52
719
310
388
880
174
724
212
852
425
895
582
250
204
498
731
205
678
865
702
773
541
267
128
448
345
674
40
851
617
751
513
612
519
235
873
635
505
776
660
39
77
104
607
761
95
319
437
139
455
349
6
316
120
547
303
618
667
55
221
822
347
196
886
113
796
668
395
469
197
729
64
297
226
464
782
336
428
261
481
813
646
284
580
427
726
124
243
384
705
818
581
129
366
394
393
177
764
33
377
831
496
245
36
152
402
470
238
430
220
135
301
905
332
432
410
545
590
231
133
280
165
193
642
578
649
0
707
602
331
634
168
706
85
200
491
913
653
254
829
146
299
73
741
115
213
318
816
593
404
675
529
211
844
676
141
45
111
502
476
275
521
202
598
317
611
283
663
615
472
770
698
875
597
285
808
522
413
863
346
190
692
552
809
264
614
88
601
279
369
83
801
123
861
624
500
824
287
528
2
423
740
623
255
619
153
584
713
306
268
355
44
629
803
507
206
286
586
671
63
142
411
313
