5
118
206
864
733
332
200
849
193
775
37
898
897
823
260
349
642
850
1
95
543
740
678
243
689
857
342
272
615
758
296
273
10
434
761
606
460
651
390
578
77
782
429
221
167
338
145
572
341
663
836
194
784
736
439
251
621
163
337
744
556
117
372
574
613
440
314
287
503
181
600
670
508
249
899
84
856
768
350
126
797
530
198
798
526
262
93
470
693
411
494
854
347
240
558
803
94
875
250
913
608
191
521
677
469
770
133
315
459
363
358
751
497
417
468
116
573
896
518
364
550
531
259
169
631
776
730
102
340
211
808
540
818
127
490
406
389
813
348
537
431
681
381
684
765
68
219
74
482
339
515
258
528
617
286
664
529
809
794
449
308
576
495
779
436
397
85
444
632
92
612
535
61
801
122
450
46
129
827
64
377
252
90
222
83
501
216
485
334
657
909
520
561
162
3
246
224
288
523
787
86
786
692
587
456
601
412
700
825
368
551
267
637
673
867
16
35
869
694
533
859
438
154
121
862
230
155
887
101
360
410
229
618
158
568
451
580
728
855
668
53
212
257
231
182
575
538
890
57
837
89
50
51
357
548
790
815
277
205
842
687
299
858
629
263
400
496
238
47
792
755
645
603
525
28
541
442
247
81
472
863
26
577
405
559
764
519
164
756
19
39
403
793
644
880
433
373
15
737
463
359
281
387
293
66
626
233
780
840
685
52
594
725
382
177
153
462
196
710
184
796
36
522
318
208
156
131
345
149
344
80
134
838
110
675
43
739
73
146
310
234
407
71
356
204
905
517
589
873
139
699
488
489
902
30
55
157
483
132
7
199
316
394
655
202
467
355
140
593
630
720
141
241
104
596
903
743
639
674
607
834
620
545
138
31
458
330
353
487
207
741
894
215
166
861
452
63
424
893
137
557
392
371
300
29
471
499
473
865
726
280
625
305
599
481
866
195
549
874
187
592
810
691
661
781
804
845
242
432
32
69
97
398
697
34
569
883
427
367
820
27
327
763
591
800
783
176
180
275
604
666
665
884
698
870
704
76
807
646
6
811
814
213
872
346
676
627
179
313
714
354
477
269
65
547
274
261
374
584
437
25
749
383
643
847
734
87
119
502
748
904
882
465
448
455
498
168
881
892
91
812
848
428
114
598
868
396
88
479
362
546
510
144
404
106
255
421
835
370
641
391
4
98
633
79
237
493
777
13
302
752
44
570
851
152
658
423
709
702
554
491
885
183
426
871
597
108
527
22
828
907
239
188
611
399
278
165
635
542
11
228
571
806
325
616
453
425
830
415
402
826
566
712
560
9
112
322
888
38
96
563
365
507
717
303
789
718
292
289
509
672
514
441
628
805
268
378
130
762
877
232
323
746
58
891
774
388
70
409
178
703
254
336
544
393
120
683
506
285
446
650
634
738
331
319
853
401
788
253
17
609
686
384
799
534
524
67
688
910
49
128
486
532
843
590
445
375
841
908
484
505
113
832
244
220
795
298
860
727
12
420
307
638
418
555
245
708
335
203
290
295
385
45
466
649
192
21
878
172
380
352
125
291
695
711
802
839
210
14
227
174
478
656
185
707
235
701
40
75
640
719
511
912
312
151
430
414
294
680
602
595
846
148
659
476
326
136
785
821
579
311
480
321
769
454
270
361
900
716
33
100
461
588
895
422
218
20
324
669
175
209
771
333
42
822
284
682
395
500
173
279
706
419
879
760
829
742
2
605
161
135
62
581
328
24
648
552
56
99
731
266
565
705
271
329
536
304
236
772
652
724
735
819
474
115
41
816
614
750
264
343
72
54
876
512
109
852
366
492
585
901
447
759
754
662
619
757
653
516
723
369
767
636
586
416
107
623
379
223
475
282
171
753
248
150
301
443
201
844
217
386
567
889
276
721
824
654
351
226
376
143
464
906
60
225
435
124
696
82
539
309
582
679
911
622
159
48
504
773
306
111
8
715
722
142
564
317
766
831
197
103
190
513
660
59
624
713
256
214
18
147
610
297
189
729
667
833
320
413
732
283
690
583
791
78
778
123
265
0
886
553
562
747
647
160
186
457
170
671
23
408
817
745
105
