619
615
775
106
675
751
477
842
639
199
803
451
39
150
787
543
334
102
28
371
409
565
497
142
326
224
473
71
328
389
801
202
219
649
265
510
777
640
727
179
367
214
659
323
684
750
23
522
559
135
495
151
699
455
729
83
700
90
369
830
240
393
909
478
87
41
502
143
348
322
910
325
554
832
812
513
77
852
190
796
860
8
376
69
628
343
584
896
88
579
75
55
482
474
302
843
725
562
645
814
523
467
571
239
539
525
212
242
706
295
264
147
882
216
759
611
6
294
59
462
671
425
716
405
673
504
231
662
521
885
287
800
892
763
799
91
891
198
642
85
791
67
319
638
200
447
841
318
764
661
421
159
154
861
160
663
168
641
176
458
29
321
667
679
602
44
902
174
575
359
290
872
381
249
739
36
794
613
310
728
332
816
429
298
144
65
210
499
870
227
617
797
854
911
111
62
603
630
9
342
689
347
536
605
267
139
309
680
837
646
790
377
192
339
438
269
386
512
218
672
597
63
289
471
815
614
378
20
624
905
784
330
341
853
851
541
408
681
11
61
58
538
281
110
189
313
807
604
132
418
757
115
708
701
40
261
363
501
126
352
665
356
878
767
466
636
16
248
130
856
657
475
112
745
693
887
120
403
60
772
297
831
305
818
173
346
824
194
380
610
244
677
682
743
901
907
540
472
47
459
808
30
186
137
134
372
810
551
828
252
122
776
250
118
582
652
544
296
859
616
503
448
314
141
417
439
26
395
136
768
519
703
234
4
691
258
726
651
488
880
715
858
333
848
505
496
456
195
449
175
625
827
53
109
354
792
771
84
215
184
855
795
357
532
180
849
698
82
233
243
669
307
668
862
119
530
220
181
430
24
491
585
391
756
93
876
431
589
821
620
46
56
349
259
34
509
169
38
835
374
70
114
755
806
710
188
304
760
857
718
165
574
7
74
656
546
230
527
774
201
131
890
747
163
327
514
850
204
730
555
92
817
306
578
550
73
387
833
400
457
158
840
127
0
752
508
300
563
229
494
490
149
207
171
223
904
182
591
761
285
493
626
177
101
255
316
21
315
43
531
209
432
802
517
48
877
51
282
226
382
561
396
811
731
644
598
350
643
822
365
213
487
156
654
105
308
415
351
237
847
547
78
292
867
820
72
232
590
338
27
1
704
485
469
452
845
685
191
600
871
128
788
125
683
358
394
337
54
581
608
196
736
632
592
222
410
717
758
178
353
537
273
187
864
463
647
33
113
748
366
407
844
402
152
379
687
676
404
399
138
601
324
889
593
711
655
15
140
829
587
336
360
658
489
577
599
785
80
206
778
586
329
653
526
98
846
664
271
441
838
81
398
720
442
64
529
197
392
594
804
534
744
12
552
569
436
401
557
712
437
707
898
283
798
480
345
545
692
14
440
79
245
567
908
25
486
280
275
211
713
153
155
470
865
97
52
583
506
383
427
702
894
31
99
548
3
622
344
167
705
722
753
912
895
783
416
22
235
897
123
766
883
270
781
741
631
185
453
576
868
117
648
361
19
899
444
162
164
5
879
454
629
256
96
262
278
634
35
257
793
406
443
906
709
124
2
146
893
277
423
145
607
311
57
312
690
596
86
450
100
355
770
732
397
464
420
542
236
740
746
384
89
268
621
483
678
368
253
279
524
228
301
272
217
45
303
903
479
886
433
364
370
276
813
299
560
637
32
411
17
18
68
633
293
388
735
825
260
340
789
507
263
434
873
116
225
183
900
674
819
49
762
549
362
274
10
516
588
580
697
148
50
424
286
566
203
317
558
518
869
623
13
515
412
874
42
435
422
107
528
251
335
612
129
721
805
660
666
66
520
419
385
863
246
738
719
742
884
714
247
670
779
241
723
769
166
221
782
875
461
839
413
414
834
595
688
696
780
809
618
888
266
465
724
498
556
511
786
568
426
734
446
836
161
103
172
737
254
823
627
826
320
170
535
428
390
553
133
121
193
284
749
754
460
205
866
570
288
635
476
76
375
733
37
881
104
492
500
533
484
650
331
238
373
108
913
773
564
208
573
695
686
95
572
445
694
765
94
609
157
481
291
468
606
