493
236
617
904
688
903
200
828
253
589
462
861
70
601
166
794
637
403
214
785
836
209
477
665
393
571
244
842
495
323
420
512
121
188
64
458
824
255
419
531
57
261
841
283
909
552
831
162
599
710
508
61
553
664
380
201
83
650
347
680
766
740
572
835
472
776
470
784
532
257
548
150
146
534
772
483
910
170
609
744
369
874
11
306
852
163
324
110
24
151
490
850
449
814
332
844
376
636
349
149
734
438
687
402
614
639
870
790
8
434
466
273
864
613
165
752
45
671
41
430
717
251
610
697
172
573
417
371
197
460
18
421
6
738
129
292
339
99
368
456
820
102
353
656
258
600
407
542
96
894
266
140
187
838
515
109
605
561
5
559
695
315
92
720
677
843
792
808
396
245
366
826
562
135
590
80
780
501
764
783
379
173
193
510
343
196
241
194
554
786
357
37
115
446
491
473
675
816
597
646
239
100
902
763
268
868
15
810
425
912
277
716
238
178
401
638
471
81
513
643
296
533
143
282
108
815
520
62
49
119
454
654
337
137
435
308
647
856
577
405
441
144
570
689
316
122
16
468
683
628
527
385
871
726
179
620
387
858
392
732
578
312
657
557
742
574
658
78
840
67
36
367
432
348
555
859
321
457
708
741
543
632
335
544
807
301
358
31
142
749
40
216
297
375
481
607
754
662
821
364
546
252
340
314
311
686
751
723
528
202
663
289
750
344
2
753
867
326
397
414
718
95
428
131
876
805
27
26
668
701
711
390
563
648
278
547
279
596
655
305
377
558
56
176
526
898
286
704
299
20
506
724
692
304
237
424
300
120
46
625
440
878
450
612
649
155
851
90
275
132
221
500
621
118
116
721
827
138
505
125
35
705
453
522
728
333
672
212
272
427
642
205
886
494
855
696
634
309
25
479
4
781
451
103
77
797
699
246
406
802
592
260
159
345
879
489
293
809
667
160
713
52
75
281
226
756
690
760
564
381
743
736
442
84
290
141
576
29
232
503
897
595
262
82
469
798
906
774
224
691
804
207
905
849
598
860
822
684
298
535
796
788
30
39
829
60
254
676
484
351
727
768
22
47
907
846
85
660
431
204
191
378
9
65
284
703
71
391
222
818
114
51
538
189
256
325
23
198
834
812
148
891
474
623
48
715
698
606
124
819
504
234
98
550
58
854
271
17
669
452
0
678
895
882
862
482
228
199
139
168
789
586
354
195
164
682
888
839
410
670
341
593
203
180
803
459
801
762
185
775
310
565
361
575
338
584
154
618
588
901
770
382
443
582
813
733
409
184
569
735
267
365
709
426
331
587
210
276
44
235
117
635
181
370
307
28
536
518
126
502
79
594
865
693
87
530
113
745
334
415
153
681
225
524
19
627
497
566
729
872
342
395
398
560
823
517
719
837
360
509
747
42
350
845
280
263
152
511
465
7
355
208
486
539
269
43
157
14
97
540
384
568
363
38
433
242
880
76
386
787
399
488
521
422
529
631
793
128
72
250
602
322
93
608
1
389
908
581
673
147
487
63
50
447
59
580
773
171
106
111
739
700
881
746
583
34
604
416
795
498
313
13
767
54
218
777
362
295
248
291
869
112
127
899
288
896
619
832
55
445
240
374
330
175
666
707
806
265
388
659
372
229
123
722
107
545
383
626
464
12
439
857
679
294
556
507
73
758
883
863
730
320
640
748
567
551
516
714
217
220
549
436
514
519
873
913
213
182
731
712
771
418
791
259
875
167
247
74
134
622
694
887
800
799
287
285
413
644
329
811
817
408
186
319
525
885
825
394
66
761
69
492
591
884
161
233
352
231
467
318
461
847
317
737
437
274
249
423
537
88
615
611
476
603
911
485
89
53
183
630
158
759
223
133
765
889
830
105
541
230
211
674
448
336
653
496
585
833
174
706
206
651
848
270
853
302
68
641
475
866
327
523
900
890
243
444
616
755
192
359
661
33
328
130
32
264
136
778
893
411
429
145
10
101
725
633
702
455
769
86
219
499
480
156
404
685
579
3
463
624
652
779
892
177
412
169
215
21
356
478
877
346
91
629
104
227
400
190
373
757
782
94
645
303
