526
163
173
661
612
158
732
418
897
140
389
10
423
715
376
348
881
333
260
864
440
413
649
789
799
391
896
109
112
321
549
744
168
644
902
635
192
608
682
356
154
628
713
273
759
344
884
647
284
398
491
893
288
125
538
506
575
763
901
8
778
809
685
225
216
741
598
437
234
638
880
206
666
242
603
414
2
617
72
640
829
383
441
498
633
377
198
600
58
820
149
22
245
221
269
292
379
714
550
560
233
470
436
812
113
409
570
584
432
740
877
621
751
67
4
99
365
842
888
556
73
366
332
11
701
210
676
255
607
645
742
151
230
559
224
679
302
906
698
733
352
291
217
162
40
492
567
784
258
788
557
787
672
874
669
903
785
726
263
664
817
45
832
467
841
193
471
572
886
835
363
610
636
289
375
136
57
41
354
341
502
196
287
335
758
274
215
175
604
416
430
507
306
563
513
648
749
717
738
605
313
659
752
662
37
34
191
883
523
392
195
49
197
700
735
21
189
361
397
583
646
419
589
167
460
503
442
494
60
18
84
853
709
485
147
137
63
782
797
1
103
105
204
856
310
208
553
300
350
699
734
277
626
323
819
231
776
625
308
347
128
606
780
314
345
367
88
266
70
872
131
238
455
427
150
850
425
394
615
91
380
270
9
276
408
449
768
439
630
248
753
796
86
122
593
47
194
554
483
499
253
791
297
450
312
694
479
487
542
531
301
160
110
406
614
144
93
566
166
761
775
401
480
179
271
721
183
730
373
622
68
46
17
451
28
777
438
53
577
731
728
14
680
32
760
618
139
322
16
243
38
107
764
56
431
558
747
818
675
527
298
256
90
360
481
702
595
800
452
590
660
239
223
652
52
704
159
26
370
663
772
157
340
338
458
562
822
512
240
79
684
868
249
882
866
169
187
807
126
89
654
627
551
891
875
530
303
533
878
532
454
155
473
50
723
222
508
120
164
468
548
132
83
686
587
478
805
92
571
123
561
520
213
895
632
827
188
534
104
20
96
422
898
207
319
643
426
153
283
130
535
44
97
417
578
718
792
294
601
773
85
885
259
488
737
631
237
141
309
668
873
324
708
813
576
201
865
620
415
31
424
219
727
510
755
495
457
369
48
736
547
282
299
748
101
894
81
372
171
746
364
843
655
899
641
5
683
77
833
871
433
465
339
493
244
849
226
681
33
368
209
444
184
770
667
658
429
428
828
802
469
912
837
825
803
236
390
180
316
521
651
133
54
456
677
719
382
537
716
317
326
462
695
831
505
867
445
616
824
62
143
304
743
307
349
115
346
232
541
412
463
71
476
393
852
446
765
135
855
357
407
692
280
482
900
325
815
845
371
75
64
290
774
811
596
696
331
540
13
889
707
890
295
24
80
750
59
705
177
268
650
517
539
568
330
405
552
529
623
336
910
592
182
475
834
320
108
461
279
564
334
904
619
328
106
235
127
860
286
870
241
337
228
642
362
673
879
264
844
42
816
214
351
490
12
518
821
840
65
250
202
342
637
246
687
801
358
486
905
186
851
95
36
497
569
114
599
525
579
385
55
285
124
826
847
117
565
43
653
102
720
386
98
913
39
516
247
766
459
794
51
142
145
862
582
229
814
846
690
129
275
804
78
711
892
689
254
848
403
396
597
703
678
786
134
706
421
697
296
205
795
19
854
756
574
836
3
227
384
381
581
511
447
111
388
176
69
76
220
30
378
311
509
6
262
118
767
762
87
665
591
757
387
573
722
691
477
318
23
27
798
769
257
543
293
546
466
859
514
411
790
434
327
435
838
200
138
400
100
712
830
504
251
402
500
156
448
670
146
725
211
148
586
501
710
544
808
522
876
267
359
693
496
161
185
174
783
35
82
281
353
212
656
0
624
671
609
524
911
528
745
729
178
399
810
443
781
278
355
555
674
152
863
754
519
602
61
170
252
181
489
585
779
25
190
823
611
472
594
410
629
515
474
613
806
857
793
199
329
580
218
265
343
839
315
305
29
588
858
657
484
119
272
907
909
861
374
15
739
688
724
261
116
7
395
634
908
203
94
771
869
165
74
887
545
420
121
464
172
639
453
536
66
404
