753
330
726
486
164
190
693
474
664
129
584
444
407
480
759
672
248
442
738
397
744
334
858
331
52
503
16
790
411
361
481
844
620
296
180
233
766
413
751
700
116
860
436
733
265
50
157
421
570
280
890
276
646
360
328
575
228
152
703
519
809
472
73
765
581
216
616
234
20
382
290
240
184
861
155
420
771
417
132
215
53
624
681
326
288
434
888
200
96
801
243
6
836
4
798
524
887
596
466
559
287
578
602
676
506
15
833
752
260
427
803
44
769
872
285
903
26
875
443
490
739
458
43
431
168
418
829
390
118
99
517
378
355
114
356
717
343
811
82
864
277
621
279
57
187
124
702
521
362
768
680
35
607
556
273
238
396
691
906
598
314
2
207
534
500
588
659
720
447
289
374
297
804
842
788
117
686
134
271
648
145
614
123
336
139
410
522
679
877
746
77
196
560
175
340
12
633
112
705
220
834
452
579
756
391
641
402
592
198
433
224
699
907
750
176
636
91
181
541
376
611
719
640
258
398
835
531
623
141
871
344
367
780
185
201
236
894
879
792
235
17
553
912
459
740
211
813
317
24
863
414
601
612
843
25
823
109
629
678
384
204
232
551
369
546
594
39
14
125
885
661
599
38
409
674
87
651
400
552
416
375
430
179
666
349
734
393
867
364
512
223
569
673
359
832
883
805
900
482
511
547
388
42
394
70
577
655
348
784
370
231
539
342
222
227
324
545
767
630
115
696
498
373
870
665
63
293
406
609
86
812
758
694
782
704
873
322
793
136
650
499
65
677
682
475
791
30
142
728
71
776
158
513
47
363
518
658
688
708
162
496
199
303
827
631
736
357
572
174
450
219
687
845
897
710
10
261
585
634
491
81
817
800
816
197
446
372
405
147
799
638
415
760
794
783
401
432
824
350
90
46
267
264
251
587
62
422
225
449
341
61
365
305
299
37
40
89
58
31
111
172
169
5
628
51
898
853
514
306
775
510
610
146
814
263
895
818
627
319
183
625
891
333
92
652
283
754
911
60
718
455
540
789
828
368
79
566
515
483
815
29
589
544
622
191
878
874
757
537
32
332
108
325
732
460
76
711
346
313
795
697
653
730
772
774
905
23
479
95
675
221
54
159
93
913
212
278
321
19
526
663
586
608
826
241
255
724
78
127
593
605
695
153
639
527
387
727
7
712
494
685
49
762
119
48
453
868
177
435
741
335
807
821
302
424
210
438
729
642
899
353
576
542
822
502
195
684
904
773
714
902
45
135
713
339
428
426
637
692
779
269
797
173
316
698
591
657
461
747
205
385
354
156
668
329
859
618
737
841
237
667
120
849
709
656
884
3
323
802
855
764
88
318
254
896
647
538
810
716
471
33
122
154
632
617
295
477
468
649
144
266
819
130
337
857
133
188
535
149
564
110
161
151
13
165
218
105
473
167
206
722
395
178
660
595
137
743
194
320
850
399
508
193
839
549
889
347
327
298
505
787
170
186
573
557
121
488
377
182
257
0
643
389
497
721
901
847
101
509
745
563
379
21
529
94
761
64
259
226
532
568
230
876
85
470
525
8
516
41
166
262
252
66
143
72
27
242
908
528
619
463
412
256
307
670
246
9
381
441
626
268
644
304
284
820
487
419
523
489
366
882
148
613
315
742
457
707
83
34
308
22
808
439
464
423
806
662
247
351
600
104
68
213
893
886
493
495
701
138
59
203
561
171
383
880
520
338
683
113
312
97
244
309
214
36
311
830
848
440
150
217
550
300
456
725
352
358
731
840
229
476
755
846
910
597
604
202
281
160
126
854
735
467
574
100
548
253
669
851
291
565
469
1
837
245
543
11
478
869
492
536
706
690
209
533
723
84
838
275
75
603
98
403
189
18
371
292
301
448
74
380
866
131
429
671
562
778
785
786
249
294
445
645
310
274
571
748
462
80
286
615
554
55
107
507
582
67
270
485
749
635
250
102
881
208
777
192
796
583
763
580
909
892
504
501
272
392
856
465
404
69
128
239
715
555
282
451
386
408
484
654
781
865
770
163
106
852
530
103
606
825
831
437
590
567
28
689
56
454
140
425
862
558
345
