428
613
144
389
0
896
762
87
859
178
61
355
182
738
379
861
430
589
68
775
799
898
218
845
66
831
44
21
560
100
847
653
351
757
756
559
555
235
173
487
583
771
437
551
718
309
137
345
369
765
114
156
202
305
750
600
520
825
276
360
404
439
909
476
407
674
723
48
312
766
817
446
92
662
716
39
491
751
359
784
639
808
90
373
550
420
809
768
298
541
812
104
371
585
571
737
821
457
337
222
504
864
698
557
534
886
725
3
445
458
481
629
30
654
824
625
880
422
877
133
12
431
500
866
400
773
800
185
469
752
231
343
71
793
85
282
638
427
50
840
287
739
393
22
846
580
715
591
116
607
523
461
814
699
700
350
734
189
753
888
787
578
908
499
783
383
130
129
582
119
455
501
26
49
57
874
621
388
288
884
131
488
210
220
612
790
323
240
736
743
247
74
566
233
464
336
876
17
299
226
838
835
413
5
574
449
796
721
397
759
645
253
804
806
421
297
836
528
887
190
95
795
217
405
593
258
778
897
67
157
438
480
128
601
686
644
844
281
510
631
290
649
91
810
366
101
237
122
498
320
711
382
82
785
575
687
819
851
841
829
471
608
636
602
289
754
627
285
519
565
191
899
529
871
673
108
755
348
816
317
106
158
760
632
436
682
452
656
423
594
696
856
667
207
183
590
325
792
883
512
714
246
120
23
581
561
505
628
855
322
881
727
482
429
642
588
545
115
248
132
105
767
396
181
702
102
186
52
7
681
330
726
283
463
40
704
456
81
139
614
448
610
434
710
398
265
466
169
1
828
786
403
387
671
584
306
103
386
342
425
349
690
617
273
902
818
278
894
609
742
441
83
261
564
492
533
668
863
302
378
84
188
96
733
145
59
159
867
175
274
296
516
72
811
69
259
486
493
249
262
321
241
490
53
820
341
692
311
8
891
250
229
895
839
409
485
657
731
204
205
257
236
435
316
611
791
224
332
660
530
604
675
225
380
467
569
712
13
556
126
842
521
344
905
232
805
310
596
80
47
503
149
41
251
419
573
543
177
300
75
163
553
227
60
577
852
517
535
679
761
391
849
98
901
134
399
29
28
353
308
208
789
477
823
544
745
606
327
221
334
670
634
524
180
414
801
777
853
547
170
693
526
776
781
97
9
294
598
826
843
113
912
626
746
873
31
685
418
4
684
319
58
522
703
315
110
563
647
502
142
432
395
99
744
14
489
794
875
356
362
862
148
269
451
375
903
89
167
70
479
857
672
242
338
741
277
758
460
192
279
678
25
527
911
646
16
552
347
328
107
496
885
450
907
214
243
443
143
352
506
184
313
813
618
664
138
475
869
770
904
648
474
701
728
43
507
705
889
772
346
599
401
361
570
111
518
509
879
417
118
440
219
304
27
834
514
228
694
121
729
747
619
32
870
807
833
381
677
79
365
203
109
539
215
234
622
326
906
412
272
424
433
165
850
683
592
663
307
802
900
63
162
18
93
255
161
368
442
372
15
152
655
878
633
164
468
357
292
153
94
195
354
697
55
286
211
803
650
267
38
426
206
197
603
141
764
245
73
827
706
531
749
76
199
797
331
688
447
676
616
666
540
470
117
363
10
270
172
77
465
6
176
140
562
558
515
254
33
35
549
740
179
568
187
392
194
513
830
484
720
271
630
769
788
798
127
155
124
854
858
318
669
637
374
511
868
615
358
37
882
605
665
370
384
497
815
230
459
719
408
732
51
473
112
774
377
892
65
416
623
406
200
385
166
252
707
280
587
54
36
150
763
209
624
20
689
410
268
730
643
45
462
260
822
201
335
123
303
658
554
537
536
239
576
913
709
34
483
872
411
136
865
659
19
538
548
708
890
56
494
256
174
893
680
848
86
532
478
415
171
394
11
213
376
291
453
46
748
837
717
695
402
168
125
525
2
635
579
595
216
735
64
275
284
154
78
135
620
340
223
329
567
586
42
508
24
151
572
724
860
147
640
293
542
713
472
495
910
652
193
364
146
301
244
651
722
266
779
691
295
314
196
88
264
661
444
339
212
263
454
238
546
832
782
597
324
390
367
198
780
641
62
333
160
