574
841
505
309
142
106
164
550
569
282
71
737
811
6
445
7
435
339
264
751
326
151
85
138
410
461
258
137
678
227
153
173
358
705
111
649
408
475
400
538
551
272
444
831
281
691
405
109
781
57
374
708
375
785
15
293
267
589
161
515
431
794
585
389
412
457
645
870
677
607
107
79
867
561
46
603
323
301
126
376
328
347
334
696
209
524
257
719
177
510
335
516
913
525
433
123
508
12
130
338
94
606
753
382
157
770
261
665
530
511
186
517
275
67
103
158
850
529
40
112
425
728
750
586
453
878
284
885
500
215
720
778
124
779
203
125
22
697
734
291
122
224
249
312
141
895
762
466
95
765
349
506
744
169
766
509
356
365
72
641
473
97
676
745
793
807
789
717
587
685
618
182
143
715
148
229
692
273
535
565
853
491
560
483
604
688
540
680
220
906
29
689
385
440
78
415
894
846
802
575
651
318
270
298
902
631
640
642
834
611
653
726
82
346
69
890
480
756
594
468
792
198
633
131
370
735
34
876
393
296
197
879
101
901
740
62
718
555
534
317
436
187
619
159
14
823
240
430
290
340
503
61
274
439
654
363
910
414
278
450
567
741
652
577
462
833
28
825
265
755
507
416
221
409
13
455
303
903
360
350
709
307
366
183
542
396
842
353
465
617
630
904
662
897
199
470
599
417
601
233
343
23
838
905
325
49
167
840
671
329
773
32
30
104
451
91
380
732
367
899
769
252
74
377
135
59
432
605
321
51
666
235
39
83
419
564
63
260
803
286
263
230
155
476
231
149
27
456
723
81
472
17
446
536
549
816
713
458
228
245
467
92
58
208
602
657
664
38
556
596
822
420
559
660
749
527
656
712
216
87
66
60
269
670
739
256
424
546
836
492
336
513
591
202
494
600
786
120
622
528
262
777
373
787
47
369
357
884
488
371
482
184
554
127
331
888
172
821
341
820
90
384
707
196
225
413
271
812
452
110
406
139
547
843
181
213
316
582
860
597
192
222
397
701
26
817
42
402
474
179
674
852
191
437
292
621
521
219
639
52
102
900
704
311
348
533
519
251
381
108
580
119
643
548
201
362
859
758
743
518
504
96
623
449
711
593
681
443
464
650
543
877
314
523
89
683
238
659
497
212
845
283
31
206
613
710
361
324
872
553
776
154
502
810
53
421
499
332
145
20
319
176
117
114
829
45
1
489
865
64
747
188
37
36
243
615
98
460
150
869
495
276
620
392
814
857
4
93
655
832
171
11
73
246
418
729
699
541
50
724
695
826
162
205
401
342
790
706
909
644
481
152
355
854
614
266
128
844
583
733
907
576
438
113
592
886
742
88
764
687
679
404
588
288
0
280
427
394
772
422
716
818
891
501
795
146
801
484
862
304
379
520
68
629
105
871
248
160
190
545
147
634
185
881
217
748
637
693
250
698
868
403
590
703
835
799
566
395
204
908
721
9
214
174
830
873
815
35
308
532
880
194
866
33
189
788
255
612
423
163
200
813
882
783
746
625
387
730
479
140
218
754
824
386
426
129
584
372
694
193
700
454
722
837
572
180
526
25
134
322
581
855
345
330
485
56
638
771
598
851
648
805
118
469
757
237
767
672
289
827
354
571
86
234
667
226
77
784
537
809
99
562
628
798
3
441
760
327
24
313
10
558
239
337
211
43
429
297
178
16
471
856
315
477
684
75
849
608
210
428
828
616
305
675
727
804
874
478
165
351
570
121
682
658
84
299
390
306
132
144
407
241
247
44
388
780
624
690
848
442
368
752
819
496
48
568
333
8
544
796
254
244
498
18
448
522
2
359
887
647
808
300
70
531
80
898
806
352
632
578
847
858
725
774
896
65
863
912
344
279
136
294
236
552
378
115
609
493
893
175
668
800
636
702
285
463
434
768
310
156
398
714
383
259
21
5
207
76
512
595
19
661
579
411
268
557
627
782
669
486
911
302
447
287
864
223
41
892
883
686
761
626
168
253
673
646
759
731
490
195
797
861
663
295
539
399
610
277
232
736
100
116
133
55
875
763
791
514
170
563
242
364
889
320
738
635
573
54
487
459
775
839
391
166
