258
514
318
78
723
883
714
517
0
42
224
905
504
401
394
392
561
447
272
882
300
202
797
327
745
594
443
657
653
357
249
705
356
416
540
275
605
640
411
231
488
583
648
821
115
109
377
713
784
433
697
370
329
708
437
79
295
255
315
839
132
450
487
452
512
147
7
13
131
436
192
881
345
214
910
654
816
493
167
662
678
752
373
466
61
47
130
129
194
35
622
909
755
750
135
51
159
658
513
701
686
434
230
842
533
499
164
689
381
170
554
740
855
676
405
301
886
320
426
518
667
763
103
269
619
614
593
584
650
43
2
94
507
173
528
399
778
74
428
98
692
351
476
871
181
96
11
81
524
148
591
119
400
116
651
669
396
186
607
464
336
429
638
536
906
174
634
388
287
826
494
53
178
888
545
560
133
629
802
162
288
569
563
896
257
454
87
722
111
565
189
292
441
110
343
383
254
623
725
120
756
102
278
445
212
190
617
104
786
58
639
419
848
137
586
175
52
875
791
41
70
688
710
895
480
92
18
758
152
615
792
880
553
422
759
169
349
371
374
691
790
641
293
815
67
721
6
649
33
582
156
846
732
183
496
840
236
767
483
719
398
232
306
297
379
806
228
479
877
215
404
835
556
599
21
289
585
64
589
127
720
352
446
490
284
85
121
612
473
418
655
690
378
679
456
566
313
259
122
833
308
59
613
69
261
876
25
273
813
185
506
874
761
245
726
153
140
891
656
843
659
551
812
294
142
807
902
903
382
125
625
511
783
196
389
853
683
520
901
385
805
694
330
508
856
737
611
519
753
440
879
455
668
458
870
229
785
581
324
500
685
57
281
693
312
253
852
344
91
242
408
646
819
209
193
684
348
171
796
712
27
661
477
166
206
444
600
66
412
216
83
243
736
748
296
893
453
266
860
380
10
598
151
510
157
729
198
12
595
100
267
541
54
484
333
734
331
262
897
621
474
24
246
894
36
718
516
643
632
631
475
413
834
696
574
431
604
795
208
700
63
680
744
672
548
457
155
642
271
489
827
323
430
449
913
39
184
60
270
624
596
768
564
45
787
850
316
698
334
666
274
803
340
461
552
305
168
567
525
603
161
706
878
114
205
219
741
359
751
93
124
746
139
857
555
863
247
495
472
817
644
72
543
101
84
810
48
576
309
890
620
868
841
251
505
774
592
322
670
55
268
29
279
105
865
800
310
195
239
609
757
241
363
837
467
590
240
369
717
469
482
282
17
154
830
150
502
526
311
462
264
158
818
731
9
608
397
302
544
177
709
414
829
362
46
824
823
339
1
432
704
291
361
575
664
199
136
674
814
88
808
522
342
534
19
73
250
492
530
779
769
738
588
37
31
557
820
770
606
793
739
146
200
50
187
647
160
319
742
14
682
326
335
237
280
5
735
597
854
395
406
635
99
233
410
165
570
34
515
780
610
30
353
788
760
62
77
244
486
470
117
409
527
801
862
304
238
838
828
387
8
864
71
82
15
325
338
546
358
372
149
276
637
179
75
660
900
652
535
172
547
375
56
873
626
298
766
248
844
822
537
350
587
825
341
95
687
580
180
665
112
307
393
16
220
465
478
328
210
451
559
707
225
501
762
286
44
23
403
197
539
892
407
572
299
908
49
521
781
368
485
90
217
777
771
884
423
367
222
861
798
80
425
386
749
673
907
260
113
550
579
776
568
191
601
889
867
448
885
703
435
912
809
290
86
728
872
558
126
849
459
711
223
176
227
481
471
163
38
314
285
442
832
904
265
89
417
699
65
532
542
277
360
847
235
263
415
851
207
764
645
831
887
531
213
911
26
460
355
765
747
317
106
627
616
859
677
22
743
391
346
675
633
716
221
858
775
730
628
201
347
252
523
509
402
76
218
97
128
303
866
772
421
804
234
782
663
618
365
439
364
118
549
578
671
794
144
503
724
427
354
321
226
108
141
529
497
562
145
681
182
283
211
204
203
424
636
836
123
538
68
811
733
573
20
420
695
468
571
754
390
3
143
256
32
773
727
799
438
376
134
577
138
188
602
28
899
332
715
491
107
40
384
337
898
463
498
869
845
4
366
702
789
630
